1.577 -0.732 1.000
2.432 -1.034 1.000
3.276 -1.361 1.000
4.116 -1.696 1.000
4.972 -2.014 1.000
5.818 -2.364 1.000
6.671 -2.686 1.000
7.525 -3.032 1.000
8.386 -3.364 1.000
9.244 -3.678 1.000
9.583 -3.824 1.000
9.583 -3.824 1.000
9.583 -3.824 1.000
9.583 -3.824 1.000
9.583 -3.824 1.000
9.583 -3.824 1.000
9.583 -3.824 1.000
9.583 -3.824 1.000
9.583 -3.824 1.000
1.805 -0.562 1.000
2.815 -0.810 1.000
3.772 -1.018 1.000
4.637 -1.262 1.000
5.561 -1.515 1.000
6.516 -1.775 1.000
7.577 -1.995 1.000
8.555 -2.118 1.000
9.524 -1.912 1.000
10.181 -1.151 1.000
10.649 -0.296 1.000
11.206 0.567 1.000
11.724 1.365 1.000
12.235 2.250 1.000
12.808 3.108 1.000
13.405 3.836 1.000
14.196 4.552 1.000
14.978 5.115 1.000
15.885 5.604 1.000
16.779 5.929 1.000
17.768 6.248 1.000
18.724 6.566 1.000
19.653 6.855 1.000
20.551 7.175 1.000
21.576 7.513 1.000
22.526 7.772 1.000
23.400 8.192 1.000
24.244 8.728 1.000
25.057 9.298 1.000
25.946 9.766 1.000
26.937 10.006 1.000
27.887 10.164 1.000
28.871 10.418 1.000
29.802 10.890 1.000
30.482 11.528 1.000
31.250 12.172 1.000
32.109 12.705 1.000
33.036 13.133 1.000
33.927 13.437 1.000
34.972 13.679 1.000
35.921 13.757 1.000
36.947 13.692 1.000
37.927 13.430 1.000
38.827 13.171 1.000
39.785 12.911 1.000
40.804 12.661 1.000
41.786 12.768 1.000
42.735 13.029 1.000
43.673 13.347 1.000
44.560 13.760 1.000
45.512 14.222 1.000
46.420 14.340 1.000
47.499 14.316 1.000
48.409 14.065 1.000
49.317 13.526 1.000
50.298 13.380 1.000
51.270 13.509 1.000
52.251 13.562 1.000
53.205 13.658 1.000
54.277 13.760 1.000
55.276 13.805 1.000
56.211 13.911 1.000
57.194 14.073 1.000
58.115 14.510 1.000
59.030 14.965 1.000
59.918 15.397 1.000
60.768 15.799 1.000
61.716 16.259 1.000
62.525 16.678 1.000
63.473 17.111 1.000
64.326 17.530 1.000
65.268 18.030 1.000
66.139 18.383 1.000
66.999 18.851 1.000
67.893 19.285 1.000
68.818 19.927 1.000
69.311 20.655 1.000
69.278 21.138 1.000
69.105 22.151 1.000
68.884 23.044 1.000
68.591 24.046 1.000
68.307 25.065 1.000
67.994 25.995 1.000
67.715 26.961 1.000
67.445 27.935 1.000
67.175 28.804 1.000
66.929 29.789 1.000
66.650 30.801 1.000
66.359 31.723 1.000
66.083 32.736 1.000
65.866 33.664 1.000
65.642 34.607 1.000
65.435 35.581 1.000
65.164 36.603 1.000
64.991 37.564 1.000
64.762 38.513 1.000
64.585 39.471 1.000
64.415 40.479 1.000
64.208 41.440 1.000
64.010 42.448 1.000
63.822 43.389 1.000
63.650 44.400 1.000
63.519 45.405 1.000
63.435 46.347 1.000
63.311 47.357 1.000
63.197 48.416 1.000
63.021 49.361 1.000
62.873 50.336 1.000
62.764 51.362 1.000
62.639 52.347 1.000
62.498 53.368 1.000
62.353 54.304 1.000
62.155 55.343 1.000
61.983 56.263 1.000
61.794 57.246 1.000
61.614 58.287 1.000
61.439 59.250 1.000
61.237 60.204 1.000
61.076 61.140 1.000
60.441 61.865 1.000
59.455 62.270 1.000
58.545 62.591 1.000
57.619 62.922 1.000
56.696 63.274 1.000
55.759 63.657 1.000
54.803 64.040 1.000
53.933 64.545 1.000
53.443 65.378 1.000
53.398 66.398 1.000
53.322 67.346 1.000
53.442 68.364 1.000
53.974 69.252 1.000
54.440 70.066 1.000
54.781 70.990 1.000
55.173 71.973 1.000
55.265 72.869 1.000
55.258 73.861 1.000
54.834 74.774 1.000
53.949 75.285 1.000
53.019 75.728 1.000
52.111 76.124 1.000
51.268 76.534 1.000
50.287 76.948 1.000
49.446 77.340 1.000
48.505 77.805 1.000
47.796 78.399 1.000
47.129 79.133 1.000
46.460 79.966 1.000
45.963 80.876 1.000
45.714 81.836 1.000
45.420 82.780 1.000
45.110 83.714 1.000
45.096 84.720 1.000
45.089 85.710 1.000
45.178 86.675 1.000
45.348 87.687 1.000
45.685 88.616 1.000
46.107 89.505 1.000
46.499 90.481 1.000
46.894 91.318 1.000
47.289 92.307 1.000
47.726 93.202 1.000
48.155 94.062 1.000
48.527 95.020 1.000
48.579 96.034 1.000
48.410 97.006 1.000
48.168 97.902 1.000
47.929 98.865 1.000
47.720 99.826 1.000
47.494 100.822 1.000
47.269 101.836 1.000
47.084 102.835 1.000
46.926 103.828 1.000
46.784 104.740 1.000
46.352 105.699 1.000
45.494 106.155 1.000
44.561 106.527 1.000
43.637 106.863 1.000
42.747 107.188 1.000
