0.04 192.3 [0.13, 0.161, 0.28, 0.234, 0.263, 0.224, 0.381, 1.136, 1.357, 0.54, 0.449, 0.75, 0.806, 0.881, 0.204, 0.223]
0.23 192.1 [0.121, 0.166, 0.285, 0.236, 0.268, 0.241, 0.392, 1.155, 1.355, 0.433, 0.459, 0.72, 0.806, 0.304, 0.205, 0.206]
0.42 188.2 [0.142, 0.155, 0.288, 0.258, 0.262, 0.24, 0.409, 1.196, 1.345, -1.0, 0.47, 0.713, 0.802, 0.292, 0.211, 0.189]
0.61 193.5 [0.111, 0.185, 0.278, 0.266, 0.259, 0.242, 0.404, 1.224, 1.354, 0.411, 0.475, 0.723, 0.805, 0.261, 0.22, 0.173]
0.8 191.2 [0.117, 0.199, 0.272, 0.255, 0.269, 0.224, 0.417, 1.272, 1.357, 0.402, 0.47, 0.733, 0.814, 0.246, 0.225, 0.177]
0.99 193.4 [0.115, 0.229, 0.275, 0.258, 0.26, 0.243, 0.44, 1.339, 1.371, 0.377, 0.692, 0.747, 0.811, 0.229, 0.231, 0.166]
1.18 195.9 [0.114, 0.219, 0.267, 0.257, 0.262, 0.233, 0.511, 1.334, 1.374, 0.382, 0.681, 0.744, 0.811, 0.245, 0.214, 0.167]
1.37 194.8 [0.125, 0.228, 0.268, 0.263, 0.233, 0.25, 0.51, 1.317, 1.394, 0.389, 0.687, 0.751, 0.787, 0.209, 0.219, 0.162]
1.57 198.3 [0.115, 0.248, 0.248, 0.257, 0.266, 0.243, -1.0, 1.31, 1.42, 0.396, 0.699, 0.764, 0.832, 0.247, 0.22, 0.171]
1.76 201.5 [0.102, 0.239, 0.265, 0.265, 0.238, 0.248, 0.534, 1.29, 1.438, 0.409, 0.705, 0.775, 0.801, 0.215, 0.215, 0.156]
1.95 200.0 [0.096, 0.248, 0.25, 0.252, 0.233, 0.264, 0.535, 1.272, 0.572, 0.425, 0.719, 0.761, 0.819, 0.215, 0.207, 0.143]
2.14 197.7 [0.109, 0.245, 0.256, 0.259, 0.246, 0.261, -1.0, 1.296, 0.577, 0.429, 0.731, 0.788, 0.843, 0.212, 0.211, 0.155]
2.33 199.2 [0.104, 0.265, 0.26, 0.257, 0.227, 0.267, 0.548, 1.306, 0.544, -1.0, 0.736, 0.796, 0.865, 0.208, 0.237, 0.166]
2.52 199.5 [0.124, 0.251, 0.262, 0.253, 0.241, 0.289, 0.567, 1.318, 0.576, 0.451, 0.752, 0.82, 0.89, 0.227, 0.231, 0.163]
2.71 204.5 [0.13, 0.255, 0.252, 0.266, 0.236, 0.274, 0.574, 1.326, 0.562, 0.43, 0.787, 0.807, 0.902, 0.227, 0.226, 0.145]
2.9 204.8 [0.133, 0.252, 0.251, 0.256, 0.25, 0.295, 0.604, 1.361, 0.564, 0.437, 0.795, 0.794, 0.904, 0.214, 0.222, 0.131]
3.09 206.9 [0.142, 0.255, 0.248, 0.258, 0.244, 0.319, 0.618, 1.366, 0.569, 0.412, 0.778, 0.825, 0.91, 0.203, 0.245, 0.156]
3.28 208.0 [0.136, 0.25, 0.248, 0.27, 0.245, 0.331, 0.865, 1.36, 0.563, 0.458, 0.767, 0.82, 0.89, 0.214, 0.233, 0.15]
3.47 205.3 [0.137, 0.273, 0.258, 0.245, 0.237, 0.332, 0.891, 1.366, 0.537, 0.457, 0.757, 0.814, 0.902, 0.202, 0.23, 0.145]
3.66 212.5 [0.15, 0.254, 0.24, 0.252, 0.246, 0.368, 0.909, 1.38, 0.549, 0.452, 0.761, 0.819, 0.889, 0.215, 0.23, 0.135]
3.85 209.9 [0.14, 0.279, 0.268, 0.261, 0.261, 0.378, 1.085, 1.365, 0.537, 0.452, 0.745, 0.827, 0.884, 0.214, 0.204, 0.134]
4.04 208.2 [0.163, 0.281, 0.248, 0.25, 0.243, 0.371, 1.131, 1.358, 0.533, -1.0, 0.743, 0.823, 0.873, 0.229, 0.219, 0.125]
4.23 217.0 [0.131, 0.271, 0.26, 0.262, 0.241, 0.379, 1.155, 1.335, 0.541, 0.444, 0.755, 0.809, 0.875, 0.215, 0.21, 0.139]
4.43 213.0 [0.148, 0.29, 0.257, 0.253, 0.234, 0.414, 1.187, 1.353, 0.411, 0.473, 0.713, 0.807, 0.286, 0.23, 0.19, 0.116]
4.62 214.3 [0.178, 0.276, 0.237, 0.269, 0.241, 0.393, 1.22, 1.364, 0.405, 0.469, 0.729, 0.804, 0.287, 0.231, 0.197, 0.139]
4.81 215.1 [0.201, 0.252, 0.27, 0.255, 0.244, 0.42, 1.246, 1.337, -1.0, 0.474, 0.752, 0.814, 0.249, 0.211, 0.179, 0.126]
5.0 217.4 [0.225, 0.277, 0.24, 0.239, 0.243, 0.449, 1.355, 1.375, 0.386, 0.499, 0.747, 0.793, 0.249, 0.211, 0.186, 0.122]
5.19 216.9 [0.228, 0.263, 0.235, 0.249, 0.233, 0.481, 1.342, 1.379, 0.399, 0.683, 0.738, 0.81, 0.249, 0.231, 0.168, 0.108]
5.38 215.0 [0.231, 0.28, 0.271, 0.257, 0.241, 0.507, 1.328, 1.384, 0.406, 0.672, 0.749, 0.819, 0.234, 0.226, 0.183, 0.104]
5.57 219.5 [0.216, 0.269, 0.255, 0.248, 0.255, 0.538, 1.316, 1.41, 0.414, 0.697, 0.761, 0.811, 0.239, 0.217, 0.148, 0.107]
5.76 221.0 [0.237, 0.259, 0.263, 0.238, 0.259, 0.537, 1.307, 1.424, 0.412, 0.708, 0.751, 0.807, 0.211, 0.193, 0.165, 0.127]
5.95 219.7 [0.248, 0.246, 0.276, 0.239, 0.255, 0.546, 1.291, 0.802, 0.402, 0.711, 0.766, 0.827, 0.214, 0.219, 0.156, 0.11]
6.14 223.7 [0.251, 0.239, 0.263, 0.243, 0.258, 0.55, 1.287, 0.564, 0.426, 0.705, 0.785, 0.848, 0.207, 0.238, 0.151, 0.113]
6.33 226.3 [0.253, 0.263, 0.269, 0.236, 0.279, 0.563, 1.307, 0.571, 0.427, 0.72, 0.797, 0.862, 0.222, 0.229, 0.159, 0.13]
6.52 230.0 [0.26, 0.254, 0.271, 0.258, 0.289, 0.557, 1.31, 0.574, 0.43, 0.745, 0.796, 0.889, 0.229, 0.224, 0.155, 0.114]
6.71 224.6 [0.267, 0.235, 0.272, 0.24, 0.269, 0.581, 1.344, 0.567, 0.438, 0.774, 0.811, 0.898, 0.193, 0.212, 0.129, 0.126]
6.9 221.9 [0.263, 0.266, 0.256, 0.238, 0.3, 0.589, 1.36, 0.571, 0.431, 0.8, 0.836, 0.898, 0.218, 0.228, 0.145, 0.142]
7.09 227.9 [0.254, 0.261, 0.255, -1.0, 0.307, 0.626, 1.363, 0.576, 0.44, 0.782, 0.823, 0.917, 0.228, 0.205, 0.143, 0.129]
7.29 225.5 [0.268, 0.233, 0.264, 0.242, -1.0, 0.857, 1.37, 0.552, 0.426, 0.794, 0.833, 0.911, 0.21, 0.242, 0.131, 0.14]
7.48 234.0 [0.263, -1.0, 0.254, 0.245, 0.348, 0.871, 1.376, 0.54, 0.446, 0.757, 0.821, 0.891, 0.213, 0.24, 0.145, 0.139]
7.67 232.8 [0.287, 0.242, 0.265, 0.239, 0.352, 0.906, 1.365, 0.545, 0.447, 0.762, 0.805, 0.894, 0.218, 0.226, 0.13, 0.127]
7.86 232.4 [0.274, 0.228, 0.26, 0.227, 0.356, 0.966, 1.357, 0.552, 0.435, 0.758, 0.802, 0.862, 0.214, 0.219, 0.142, 0.148]
8.05 233.7 [0.282, 0.268, 0.272, 0.234, 0.393, 1.121, 1.362, 0.545, 0.451, 0.744, 0.801, 0.87, 0.231, 0.216, 0.136, 0.154]
8.24 233.2 [0.277, 0.255, 0.259, 0.23, 0.379, 1.164, 1.358, 0.532, 0.468, 0.706, 0.805, 0.885, 0.22, 0.227, 0.115, 0.157]
8.43 234.5 [0.275, 0.255, 0.253, 0.248, 0.373, 1.169, 1.383, 0.428, 0.46, 0.736, 0.809, 0.303, 0.224, 0.195, 0.126, 0.151]
8.62 234.4 [0.293, 0.26, 0.265, 0.233, 0.402, 1.207, 1.342, 0.413, 0.464, 0.721, 0.82, 0.276, 0.207, 0.191, 0.122, 0.162]
8.81 235.5 [0.28, 0.262, 0.266, 0.24, 0.397, 1.227, 1.342, 0.396, 0.479, 0.722, 0.811, 0.257, 0.225, 0.183, 0.148, 0.174]
9.0 239.4 [0.291, 0.253, 0.23, 0.245, 0.411, 1.283, 1.353, 0.384, 0.505, 0.74, 0.835, 0.257, 0.235, 0.187, 0.108, 0.206]
9.19 239.3 [0.281, 0.263, 0.255, 0.241, 0.465, 1.343, 1.389, 0.373, 0.682, 0.724, 0.815, 0.251, -1.0, 0.17, 0.131, 0.228]
9.38 240.3 [0.257, 0.256, 0.254, 0.226, 0.493, 1.32, 1.375, 0.382, 0.686, 0.718, 0.811, 0.231, 0.225, 0.175, 0.107, 0.212]
9.57 242.6 [0.273, 0.259, 0.24, 0.233, 0.511, 1.294, 1.417, 0.384, 0.713, 0.741, 0.802, 0.239, 0.246, 0.157, 0.121, 0.225]
9.76 242.5 [0.262, 0.266, 0.253, 0.251, 0.542, 1.289, 1.415, 0.398, 0.693, 0.768, 0.792, 0.244, 0.224, 0.158, 0.118, 0.249]
9.95 246.3 [0.249, 0.266, 0.253, 0.257, 0.558, 1.287, 0.793, 0.423, 0.696, 0.761, 0.815, 0.239, 0.205, 0.147, 0.114, 0.249]
10.14 245.2 [0.25, 0.252, 0.223, 0.271, 0.548, 1.295, 0.572, 0.432, 0.694, 0.772, 0.814, 0.206, 0.217, 0.159, 0.119, 0.242]
10.34 246.4 [0.256, 0.275, 0.253, 0.247, 0.565, 1.294, 0.579, 0.439, 0.704, 0.801, 0.851, 0.217, 0.214, 0.148, 0.128, 0.252]
10.53 244.1 [0.271, 0.265, 0.253, 0.279, 0.572, 1.298, 0.585, 0.426, 0.734, 0.81, 0.871, 0.208, 0.243, -1.0, 0.122, 0.263]
10.72 245.9 [0.26, 0.279, 0.237, 0.283, 0.58, 1.325, 0.571, 0.437, 0.746, 0.805, 0.882, 0.208, 0.229, 0.159, 0.115, 0.247]
10.91 245.8 [0.246, 0.284, 0.253, 0.307, 0.602, 1.342, 0.574, 0.432, 0.813, 0.821, 0.882, 0.212, 0.22, 0.141, 0.119, 0.259]
11.1 250.4 [0.239, 0.256, 0.238, 0.306, 0.607, -1.0, 0.554, 0.443, 0.772, 0.821, 0.905, 0.221, 0.22, 0.132, 0.135, 0.248]
11.29 249.5 [0.244, 0.266, 0.244, 0.322, 0.837, 1.356, 0.564, 0.453, 0.773, 0.812, 0.913, 0.228, 0.217, 0.125, 0.132, 0.262]
11.48 250.1 [0.246, 0.265, 0.239, 0.344, 0.87, 1.374, 0.545, 0.464, 0.752, 0.812, 0.899, 0.216, 0.22, 0.134, 0.133, 0.258]
11.67 253.3 [0.242, 0.243, 0.247, 0.367, 0.875, 1.383, 0.541, 0.446, 0.753, 0.81, 0.878, 0.236, 0.23, 0.128, 0.127, 0.268]
11.86 251.5 [0.257, 0.272, 0.241, 0.375, 0.952, 1.383, 0.538, 0.448, 0.762, 0.804, 0.877, 0.213, 0.236, -1.0, 0.138, 0.271]
12.05 253.6 [0.255, 0.248, 0.222, 0.367, 1.098, 1.373, 0.558, 0.465, 0.734, 0.802, 0.89, 0.223, 0.208, 0.119, 0.152, 0.266]
12.24 256.3 [0.247, 0.259, 0.24, 0.376, 1.144, 1.351, 0.545, 0.46, 0.735, 0.806, 0.886, 0.211, 0.228, 0.136, 0.164, 0.275]
12.43 260.5 [0.258, 0.275, 0.25, 0.391, 1.182, 1.353, 0.412, 0.443, 0.722, 0.804, 0.875, 0.212, 0.209, 0.139, 0.155, 0.284]
12.62 257.7 [0.265, 0.253, 0.237, 0.413, 1.195, -1.0, 0.408, 0.466, 0.74, 0.813, 0.28, 0.208, 0.206, 0.123, 0.166, 0.284]
12.84 256.3 [0.249, 0.266, 0.237, 0.404, 1.217, 1.355, 0.405, 0.462, 0.719, 0.792, 0.273, 0.224, 0.191, 0.13, -1.0, 0.269]
13.03 261.2 [0.236, 0.244, 0.242, 0.42, 1.27, 1.349, 0.386, 0.494, 0.735, 0.801, 0.258, 0.227, 0.172, 0.124, 0.197, 0.263]
13.22 262.0 [0.239, 0.254, 0.252, 0.452, 1.345, 1.359, 0.394, 0.671, 0.742, 0.806, 0.249, 0.216, 0.193, 0.128, 0.221, 0.262]
13.41 265.0 [0.249, 0.234, 0.254, 0.522, 1.321, 1.383, 0.387, 0.679, 0.736, 0.805, 0.24, 0.22, 0.167, 0.108, 0.217, 0.291]
13.6 267.1 [0.26, 0.246, 0.241, 0.517, 1.314, 1.378, 0.416, 0.682, 0.75, 0.808, 0.245, 0.218, 0.178, 0.117, 0.231, 0.265]
13.79 263.4 [0.253, 0.248, 0.239, 0.531, 1.318, 1.427, 0.405, 0.697, 0.773, 0.802, 0.216, 0.204, 0.165, 0.125, 0.234, 0.262]
13.98 268.1 [0.262, 0.251, 0.242, 0.536, 1.278, 0.813, 0.416, 0.693, 0.776, 0.831, 0.224, 0.233, 0.16, 0.126, 0.243, 0.291]
14.17 269.4 [0.255, 0.227, 0.25, 0.544, 1.293, 0.568, 0.43, 0.7, 0.784, 0.828, 0.214, 0.229, 0.145, 0.087, 0.255, 0.263]
14.36 272.8 [0.276, 0.24, 0.253, 0.563, 1.281, 0.578, 0.42, 0.705, 0.791, 0.83, 0.21, 0.209, 0.149, 0.115, 0.249, 0.249]
14.55 270.6 [0.261, 0.241, 0.281, 0.563, 1.299, 0.573, 0.42, 0.741, 0.806, 0.852, 0.232, 0.229, 0.148, 0.121, 0.249, 0.245]
14.75 270.7 [0.274, 0.239, 0.287, 0.581, 1.312, 0.567, 0.445, 0.761, 0.811, 0.889, 0.226, 0.218, 0.169, 0.117, 0.251, 0.255]
14.94 269.1 [0.26, 0.23, 0.289, 0.604, 1.307, -1.0, 0.426, 0.776, 0.806, 0.9, 0.207, 0.224, 0.151, 0.136, 0.244, 0.256]
15.13 275.9 [0.265, 0.243, 0.317, 0.62, 1.356, 0.553, 0.447, -1.0, 0.821, 0.908, 0.216, 0.223, 0.148, 0.144, 0.282, 0.246]
15.32 272.8 [0.258, 0.24, 0.325, 0.602, 1.37, 0.561, 0.424, 0.777, 0.802, 0.891, 0.221, 0.227, 0.132, 0.133, 0.272, 0.257]
15.51 272.8 [0.243, -1.0, 0.349, 0.859, 1.375, 0.556, 0.435, 0.766, 0.82, 0.896, 0.217, 0.217, 0.118, 0.124, 0.265, 0.255]
15.7 272.9 [0.275, 0.238, 0.356, 0.902, 1.38, 0.543, 0.431, 0.748, 0.801, 0.878, 0.225, 0.222, 0.131, 0.123, 0.281, 0.256]
15.89 275.2 [0.283, 0.24, 0.373, 0.92, 1.367, 0.548, 0.44, 0.755, 0.81, 0.892, 0.213, 0.232, 0.111, 0.139, 0.264, 0.243]
16.08 276.3 [0.251, 0.253, 0.385, 1.092, 1.356, 0.546, 0.457, 0.747, 0.822, 0.868, 0.207, 0.235, 0.12, 0.15, 0.285, 0.253]
16.27 279.9 [0.271, 0.244, 0.379, 1.155, 1.342, 0.546, 0.436, 0.73, 0.811, 0.881, 0.209, 0.215, 0.131, 0.149, 0.295, 0.254]
16.46 275.3 [0.27, 0.25, 0.413, 1.151, 1.361, 0.526, 0.453, 0.724, 0.803, 0.865, 0.207, 0.211, 0.135, 0.175, 0.276, 0.245]
16.65 283.7 [0.285, 0.246, 0.393, 1.177, 1.346, 0.417, 0.458, 0.729, 0.805, 0.306, 0.226, 0.195, 0.129, 0.168, 0.295, 0.255]
16.84 280.2 [0.258, 0.247, 0.404, 1.219, 1.351, 0.379, 0.472, 0.727, 0.82, 0.269, 0.211, 0.178, 0.128, 0.176, 0.279, 0.249]
17.03 280.2 [0.258, 0.235, 0.413, 1.239, 1.353, 0.4, 0.501, 0.744, 0.814, 0.248, 0.243, 0.191, 0.122, 0.186, 0.266, 0.245]
17.22 285.5 [0.255, 0.244, 0.458, 1.345, 1.381, 0.385, 0.507, 0.724, 0.817, 0.252, 0.229, 0.191, 0.117, 0.2, 0.285, 0.263]
17.44 284.5 [0.262, 0.232, 0.493, 1.331, 1.36, 0.378, 0.669, 0.743, 0.794, 0.243, 0.212, 0.184, 0.109, 0.229, 0.292, 0.263]
17.63 289.0 [0.258, 0.257, 0.531, 1.324, 1.392, 0.393, 0.697, 0.745, 0.798, 0.225, 0.211, 0.185, 0.125, 0.206, 0.289, 0.273]
17.85 290.0 [0.256, 0.256, 0.527, 1.31, 1.414, 0.425, 0.712, 0.746, 0.802, 0.236, 0.197, 0.167, 0.114, 0.215, 0.251, 0.249]
18.06 292.9 [0.23, 0.266, 0.555, 1.281, 0.828, 0.416, 0.677, 0.776, 0.809, 0.228, 0.214, 0.162, 0.126, 0.249, 0.269, 0.265]
18.25 292.1 [0.245, 0.252, 0.529, 1.297, 0.586, 0.426, 0.697, 0.772, 0.821, 0.222, 0.223, 0.174, 0.115, 0.241, 0.26, 0.267]
18.44 288.1 [0.243, 0.292, 0.555, 1.3, 0.585, 0.422, 0.706, 0.77, 0.838, 0.203, 0.216, 0.165, 0.103, 0.261, 0.258, 0.254]
18.63 289.8 [0.25, 0.278, 0.553, 1.287, 0.577, 0.444, 0.714, 0.8, 0.856, 0.218, 0.221, 0.156, 0.109, 0.243, 0.237, 0.254]
18.83 294.3 [0.249, 0.299, 0.578, 1.323, 0.576, 0.431, 0.741, 0.804, 0.897, 0.232, 0.217, 0.144, 0.128, 0.276, 0.249, 0.261]
19.02 294.6 [0.239, 0.3, 0.602, 1.336, 0.561, 0.43, 0.778, 0.797, 0.899, 0.225, 0.219, 0.145, 0.138, 0.263, 0.26, 0.26]
19.21 294.8 [0.242, 0.315, 0.61, 1.335, 0.551, 0.437, 0.774, 0.811, 0.892, 0.221, 0.238, 0.136, 0.141, 0.267, 0.23, 0.249]
19.4 296.2 [0.24, 0.339, 0.83, 1.373, 0.564, 0.434, 0.784, 0.812, 0.902, 0.233, 0.227, 0.141, 0.125, 0.279, 0.244, 0.277]
19.61 299.0 [0.23, 0.334, 0.884, 1.385, 0.552, 0.43, 0.754, 0.825, 0.884, 0.235, 0.218, 0.149, 0.125, 0.275, 0.277, 0.296]
19.8 299.8 [0.242, 0.355, 0.89, 1.378, 0.563, 0.447, 0.746, 0.816, 0.882, 0.224, 0.217, 0.159, 0.149, 0.294, 0.272, 0.27]
19.99 300.2 [0.25, 0.372, 0.945, 1.364, 0.541, 0.441, 0.764, 0.837, 0.868, 0.209, 0.241, 0.148, 0.152, 0.271, 0.27, -1.0]
20.19 302.4 [0.245, 0.396, 1.099, 1.369, 0.554, 0.44, 0.739, 0.806, 0.889, 0.219, 0.241, 0.136, 0.141, 0.273, 0.247, 0.271]
20.38 302.6 [0.23, 0.375, 1.14, 1.342, 0.525, 0.446, 0.739, 0.804, 0.864, 0.224, 0.23, 0.136, 0.156, 0.267, 0.252, 0.275]
20.57 304.0 [0.251, 0.375, 1.178, 1.359, 0.404, 0.457, 0.721, 0.799, 0.858, 0.214, 0.214, 0.116, 0.152, 0.285, 0.243, 0.283]
20.78 301.8 [0.23, 0.396, 1.201, 1.333, 0.398, 0.47, 0.735, 0.792, 0.286, 0.215, 0.212, 0.137, 0.149, 0.266, 0.259, 0.268]
20.97 306.2 [0.228, 0.401, 1.237, 1.366, 0.397, 0.455, 0.72, 0.801, 0.249, 0.223, 0.197, 0.127, 0.171, 0.266, 0.243, 0.257]
21.16 309.1 [0.262, 0.438, 1.273, 1.361, 0.389, 0.488, 0.745, 0.791, 0.247, 0.227, 0.166, 0.135, 0.189, 0.271, 0.264, -1.0]
21.36 303.8 [0.246, 0.453, 1.351, 1.381, 0.385, 0.658, 0.723, 0.801, 0.262, 0.226, 0.174, 0.125, 0.21, 0.274, 0.245, 0.256]
21.55 312.0 [0.255, 0.504, 1.344, 1.377, 0.39, 0.678, 0.704, 0.805, 0.242, 0.207, 0.186, 0.116, 0.249, 0.261, 0.258, 0.253]
21.74 309.9 [0.243, 0.51, 1.319, 1.395, 0.39, 0.692, 0.757, 0.802, 0.246, 0.219, 0.162, 0.122, 0.254, 0.253, 0.247, 0.251]
21.93 307.2 [0.248, 0.536, 1.276, 1.43, 0.427, 0.688, 0.771, 0.808, 0.232, 0.205, 0.169, 0.108, 0.229, 0.263, 0.252, 0.237]
22.12 309.9 [0.262, 0.539, 1.285, 0.841, 0.409, 0.689, 0.773, 0.815, 0.229, 0.223, 0.16, 0.122, 0.236, 0.25, 0.262, 0.262]
22.31 314.4 [0.246, 0.548, 1.29, 0.595, 0.427, 0.708, 0.766, 0.829, 0.235, 0.207, 0.186, 0.12, 0.245, 0.262, 0.255, 0.222]
22.5 309.4 [0.277, 0.55, 1.305, 0.551, 0.45, 0.721, 0.781, 0.835, 0.208, 0.22, 0.159, 0.103, 0.248, 0.244, 0.272, 0.24]
22.69 312.1 [0.265, 0.573, 1.297, 0.573, 0.408, 0.739, 0.804, 0.844, 0.212, 0.245, 0.16, 0.115, 0.274, 0.241, 0.263, 0.254]
22.88 313.5 [0.277, 0.59, 1.326, 0.561, 0.42, 0.718, 0.814, 0.897, 0.224, 0.23, 0.166, 0.131, 0.27, 0.253, 0.257, 0.241]
23.07 315.0 [0.293, 0.587, 1.333, 0.567, 0.415, 0.799, 0.805, 0.902, 0.218, 0.226, 0.141, 0.131, 0.268, 0.26, 0.259, 0.242]
23.26 319.3 [0.3, 0.618, 1.344, 0.549, 0.423, 0.798, 0.822, 0.903, 0.224, 0.24, 0.162, 0.129, 0.262, 0.266, 0.263, 0.242]
23.45 315.5 [0.326, 0.621, 1.365, 0.56, 0.436, 0.777, 0.83, 0.899, 0.216, 0.237, 0.124, 0.133, 0.281, 0.236, 0.274, 0.237]
23.64 320.6 [0.346, 0.856, 1.388, 0.555, 0.438, 0.765, 0.815, 0.906, 0.21, 0.242, 0.13, 0.147, 0.282, 0.254, 0.275, 0.232]
23.83 319.3 [0.351, 0.904, 1.377, 0.543, 0.441, 0.763, 0.81, 0.894, 0.21, -1.0, 0.134, 0.135, 0.274, 0.261, 0.264, 0.238]
24.02 322.1 [0.364, 0.943, 1.356, 0.562, 0.428, 0.754, 0.801, 0.891, 0.199, 0.224, 0.131, 0.119, 0.261, 0.241, 0.266, 0.235]
24.22 318.3 [0.381, 1.079, 1.343, 0.541, 0.455, 0.747, 0.803, 0.872, 0.214, 0.221, 0.128, 0.153, 0.275, 0.254, 0.255, 0.238]
24.41 321.6 [0.383, 1.136, 1.363, 0.535, 0.449, 0.741, -1.0, 0.887, 0.199, 0.206, 0.128, 0.148, 0.295, 0.26, 0.279, 0.228]
24.6 324.7 [0.388, 1.152, 1.346, 0.41, 0.459, -1.0, 0.801, 0.882, 0.225, 0.216, 0.135, 0.152, 0.269, 0.258, 0.261, 0.264]
24.79 326.1 [0.416, 1.181, 1.345, 0.415, 0.45, 0.73, 0.808, 0.319, 0.219, 0.204, 0.134, 0.151, 0.284, 0.26, 0.272, 0.234]
24.98 322.3 [0.395, 1.222, 1.352, 0.402, 0.456, 0.733, 0.794, 0.286, 0.221, 0.201, 0.116, 0.165, 0.285, 0.251, 0.275, 0.231]
25.17 328.9 [0.412, 1.239, 1.351, 0.395, 0.487, 0.71, 0.797, 0.271, 0.222, 0.19, 0.112, 0.178, 0.284, 0.247, 0.255, 0.253]
25.36 329.1 [0.468, 1.343, 1.355, 0.398, 0.508, 0.746, 0.803, 0.252, 0.226, 0.192, 0.13, 0.204, 0.274, 0.282, 0.266, 0.246]
25.55 333.0 [0.488, 1.33, 1.378, 0.403, 0.69, 0.746, 0.8, 0.243, 0.228, 0.178, 0.105, 0.209, 0.301, 0.266, 0.25, 0.252]
25.74 330.7 [0.516, 1.325, 1.4, 0.41, 0.688, 0.735, 0.781, 0.246, 0.233, 0.181, 0.118, 0.254, 0.267, 0.247, 0.24, 0.255]
25.93 331.2 [0.536, 1.291, 1.413, 0.407, 0.675, 0.751, 0.814, 0.228, 0.229, 0.185, 0.114, 0.249, 0.262, 0.28, 0.265, 0.26]
26.12 330.7 [0.535, 1.284, 1.429, 0.405, 0.7, 0.753, 0.814, 0.228, 0.225, 0.179, 0.12, 0.218, 0.272, 0.258, 0.247, 0.257]
26.31 336.0 [0.548, 1.285, 0.577, 0.409, 0.702, 0.76, 0.829, 0.226, 0.222, 0.148, 0.11, 0.231, 0.263, 0.248, 0.242, 0.273]
26.5 334.7 [0.578, 1.305, 0.573, 0.424, 0.711, 0.774, -1.0, 0.229, 0.218, 0.162, 0.108, 0.249, 0.259, 0.274, 0.23, 0.279]
26.69 341.1 [0.562, 1.307, 0.566, 0.414, 0.713, 0.816, 0.84, 0.208, 0.222, 0.154, 0.11, 0.249, 0.248, 0.252, 0.263, 0.243]
26.88 338.3 [0.573, 1.306, 0.582, 0.442, 0.753, 0.807, 0.878, 0.208, 0.209, 0.174, 0.106, 0.257, 0.264, 0.252, 0.246, 0.289]
27.07 338.6 [0.596, 1.335, 0.571, 0.435, 0.791, -1.0, 0.897, 0.216, 0.223, 0.157, 0.116, -1.0, 0.254, -1.0, 0.268, 0.302]
27.27 336.1 [0.604, 1.341, 0.558, 0.424, 0.804, 0.805, 0.914, 0.225, 0.224, 0.142, 0.12, 0.279, 0.256, 0.284, 0.242, 0.311]
27.46 340.0 [0.623, 1.357, 0.559, 0.443, 0.776, 0.811, 0.904, 0.217, -1.0, 0.143, 0.133, 0.26, 0.257, 0.253, 0.248, 0.309]
27.65 344.3 [-1.0, 1.376, 0.556, 0.465, 0.765, 0.814, 0.915, 0.199, 0.221, 0.141, 0.135, 0.237, 0.265, 0.252, 0.238, 0.361]
27.84 344.0 [0.905, 1.387, 0.549, 0.442, 0.771, 0.828, 0.896, 0.221, 0.213, 0.145, 0.133, 0.267, 0.259, 0.263, 0.258, 0.343]
28.03 344.7 [0.901, 1.355, 0.543, 0.441, 0.746, 0.819, 0.879, 0.219, 0.215, 0.124, 0.127, 0.264, 0.257, 0.261, 0.247, 0.372]
28.22 341.4 [1.083, 1.363, 0.539, 0.442, 0.742, 0.814, 0.865, 0.227, 0.221, 0.121, 0.127, 0.283, 0.25, 0.263, 0.252, 0.38]
28.41 341.5 [1.133, 1.372, 0.561, 0.463, 0.732, 0.821, 0.879, 0.208, 0.228, 0.129, 0.144, 0.266, 0.269, 0.267, 0.249, 0.384]
28.6 348.6 [1.146, 1.343, 0.528, 0.448, 0.757, 0.789, 0.881, 0.22, 0.226, 0.137, 0.145, 0.3, 0.258, 0.284, 0.23, 0.396]
28.79 351.3 [1.168, 1.336, 0.425, 0.454, 0.725, 0.784, 0.842, 0.22, 0.204, 0.143, 0.141, 0.28, 0.247, 0.261, 0.235, 0.404]
28.98 346.1 [1.203, 1.328, 0.39, 0.477, 0.716, 0.803, 0.283, 0.235, 0.195, 0.114, 0.163, 0.29, 0.241, 0.266, 0.242, 0.368]
29.17 351.4 [1.236, 1.363, 0.398, 0.473, 0.735, 0.805, 0.267, 0.226, 0.203, 0.127, 0.176, 0.298, 0.259, 0.267, 0.249, 0.408]
29.36 349.4 [1.304, 1.338, 0.396, 0.498, 0.725, 0.809, 0.251, 0.211, 0.187, 0.133, 0.187, 0.277, 0.252, 0.233, 0.251, 0.418]
29.55 350.5 [1.341, 1.377, 0.399, 0.673, 0.729, 0.802, 0.248, 0.209, 0.173, 0.131, 0.195, 0.271, 0.263, 0.249, 0.248, 0.478]
29.74 352.2 [1.352, 1.398, 0.394, 0.68, 0.743, 0.824, 0.215, 0.213, 0.184, 0.131, 0.227, 0.251, 0.246, 0.263, 0.244, 0.537]
29.93 351.7 [1.307, -1.0, 0.384, 0.688, 0.765, 0.803, 0.229, 0.222, 0.166, 0.109, 0.262, 0.286, 0.266, 0.246, 0.244, 0.543]
30.12 352.8 [1.303, 1.444, 0.429, 0.7, 0.742, 0.811, 0.237, 0.234, 0.184, 0.125, 0.239, 0.262, 0.249, 0.277, 0.256, 0.541]
30.32 357.1 [1.292, 0.785, 0.444, 0.692, 0.753, 0.812, 0.217, 0.208, 0.148, 0.092, 0.241, 0.278, 0.258, 0.235, 0.278, 0.546]
30.51 357.3 [1.281, 0.572, 0.43, 0.719, 0.786, 0.808, 0.212, 0.213, 0.16, 0.101, 0.232, 0.271, 0.276, 0.243, 0.29, 0.563]
30.7 359.9 [1.297, 0.581, 0.422, 0.714, 0.802, 0.842, 0.211, 0.235, 0.142, 0.118, 0.234, 0.268, 0.266, 0.235, 0.261, 0.564]
30.89 359.4 [1.292, 0.56, 0.418, 0.723, 0.796, 0.852, 0.212, 0.218, 0.144, 0.118, 0.253, 0.25, 0.263, 0.259, 0.264, 0.591]
31.08 4.0 [1.349, 0.558, 0.431, 0.762, 0.795, 0.879, 0.213, 0.219, 0.17, 0.128, 0.238, 0.243, 0.27, 0.257, 0.281, 0.598]
31.27 1.4 [1.335, 0.56, 0.436, 0.801, 0.802, 0.911, 0.226, 0.214, 0.13, 0.122, 0.248, 0.256, 0.266, 0.272, 0.288, 0.594]
31.46 1.8 [1.378, 0.539, 0.429, 0.782, 0.822, 0.917, 0.205, 0.203, 0.139, 0.117, 0.249, 0.254, 0.288, 0.244, 0.324, 0.623]
31.65 3.0 [1.357, 0.563, 0.443, 0.777, 0.79, 0.894, 0.213, 0.223, 0.154, 0.13, 0.247, 0.265, 0.255, 0.24, 0.332, 0.834]
31.84 8.2 [1.386, 0.555, 0.454, 0.774, 0.817, 0.895, 0.21, 0.225, 0.134, 0.138, 0.282, 0.247, 0.245, 0.23, 0.356, 0.885]
32.03 7.7 [1.36, 0.552, 0.439, 0.758, 0.813, 0.881, 0.21, 0.239, 0.143, 0.133, -1.0, 0.268, 0.26, 0.25, 0.366, 0.905]
32.22 6.8 [1.365, 0.533, 0.44, 0.748, 0.817, 0.881, 0.223, 0.219, 0.137, 0.125, 0.276, 0.245, 0.263, 0.249, 0.368, 0.948]
32.41 6.9 [1.37, 0.542, 0.453, 0.736, 0.799, 0.875, 0.233, 0.228, 0.12, 0.143, 0.271, 0.249, 0.265, 0.224, 0.39, 1.128]
32.6 12.2 [1.346, 0.537, 0.456, 0.734, 0.807, 0.873, 0.22, 0.233, 0.133, 0.143, 0.282, 0.268, 0.284, 0.248, 0.398, 1.141]
32.79 11.1 [1.34, 0.424, 0.442, 0.717, 0.801, 0.866, 0.203, 0.208, 0.133, 0.142, 0.287, 0.246, 0.245, 0.242, 0.396, 1.191]
32.98 11.8 [1.348, 0.418, 0.466, 0.713, 0.799, 0.281, 0.217, 0.186, 0.12, 0.155, 0.279, 0.249, 0.268, 0.249, 0.397, 1.182]
33.18 8.9 [1.365, 0.407, 0.478, 0.735, 0.813, 0.265, 0.228, 0.197, 0.12, 0.173, 0.294, 0.264, 0.275, 0.232, 0.401, 1.23]
33.37 14.4 [1.351, 0.401, 0.487, 0.724, 0.796, 0.255, 0.202, 0.183, 0.143, 0.171, 0.282, 0.251, 0.269, 0.254, 0.429, 1.253]
33.56 16.3 [1.346, 0.387, 0.663, 0.733, 0.816, 0.239, 0.223, 0.187, 0.106, 0.192, 0.28, 0.249, 0.255, 0.251, 0.458, 1.334]
33.75 17.9 [1.368, 0.395, 0.68, 0.726, 0.787, 0.247, 0.209, 0.182, 0.106, 0.221, 0.279, 0.249, 0.245, 0.249, 0.507, 1.329]
33.94 16.8 [1.414, 0.393, 0.688, 0.755, 0.833, 0.233, 0.214, 0.168, 0.131, -1.0, 0.285, 0.259, 0.258, 0.252, 0.513, 1.323]
34.13 14.9 [1.401, 0.412, 0.693, -1.0, 0.799, 0.233, 0.218, 0.166, 0.12, 0.238, 0.251, 0.264, 0.263, 0.28, 0.542, 1.316]
34.32 20.9 [0.823, 0.413, 0.693, 0.759, 0.817, 0.211, 0.222, 0.163, 0.111, 0.228, 0.25, 0.268, 0.256, 0.256, 0.562, 1.312]
34.51 21.1 [0.61, 0.43, 0.684, 0.784, 0.811, 0.228, 0.225, 0.153, 0.115, 0.24, 0.245, 0.276, 0.267, 0.256, 0.561, 1.295]
34.7 24.1 [0.573, 0.455, 0.738, 0.8, 0.83, 0.219, 0.204, 0.15, 0.127, 0.229, 0.261, 0.267, 0.239, 0.27, 0.565, 1.281]
34.89 20.8 [0.589, 0.41, 0.719, 0.789, 0.861, 0.196, 0.216, 0.143, 0.118, 0.25, 0.266, 0.276, 0.253, 0.271, 0.578, 1.302]
35.08 25.9 [0.569, 0.421, 0.732, 0.813, 0.889, 0.217, 0.224, 0.146, 0.109, 0.246, 0.256, 0.263, 0.257, 0.282, 0.584, 1.327]
35.27 25.3 [0.568, 0.433, 0.785, 0.819, 0.892, 0.22, 0.225, 0.14, 0.116, 0.246, 0.259, 0.26, 0.245, 0.299, 0.583, 1.329]
35.46 22.6 [0.564, 0.433, 0.788, 0.809, 0.887, 0.204, 0.216, 0.141, 0.109, 0.254, 0.256, 0.27, 0.242, 0.318, 0.63, 1.365]
35.65 29.1 [0.568, 0.443, 0.791, 0.816, 0.892, 0.211, 0.23, 0.151, 0.126, 0.251, 0.264, 0.268, 0.258, 0.345, 0.636, 1.384]
35.85 25.1 [0.563, 0.442, 0.753, 0.823, 0.889, 0.209, 0.217, 0.131, 0.135, 0.256, 0.235, 0.233, 0.25, 0.344, 0.853, 1.369]
36.04 32.1 [0.546, 0.444, 0.743, 0.814, 0.879, 0.213, 0.228, 0.138, 0.133, 0.264, 0.235, 0.269, 0.248, 0.335, 0.902, 1.374]
36.23 23.5 [0.555, 0.458, 0.753, 0.814, 0.879, 0.233, 0.235, 0.118, 0.124, 0.282, 0.25, 0.257, 0.242, 0.362, 0.915, 1.374]
36.42 28.4 [0.55, 0.435, 0.742, 0.798, 0.883, 0.212, 0.222, 0.131, 0.131, 0.294, 0.251, 0.279, 0.253, 0.376, 1.069, 1.353]
36.61 28.6 [-1.0, 0.455, 0.746, 0.804, 0.887, 0.227, 0.194, 0.132, 0.129, 0.27, 0.251, 0.265, 0.242, 0.385, 1.128, 1.371]
36.8 27.7 [0.431, 0.447, 0.727, 0.807, 0.886, 0.222, 0.202, 0.116, 0.151, 0.272, 0.268, 0.27, 0.25, 0.391, 1.167, 1.363]
36.99 34.4 [0.395, 0.477, 0.71, 0.811, 0.29, 0.22, 0.195, 0.128, 0.148, 0.281, 0.255, 0.254, 0.246, 0.388, 1.185, 1.349]
37.18 34.2 [0.414, 0.475, 0.725, 0.793, 0.267, 0.215, 0.201, 0.128, 0.155, 0.276, 0.234, 0.269, 0.242, 0.401, 1.223, 1.361]
37.37 37.7 [0.411, 0.489, 0.734, 0.812, 0.255, 0.22, 0.19, 0.117, 0.15, 0.276, 0.248, 0.267, 0.241, 0.418, 1.242, 1.354]
37.56 35.6 [0.392, 0.651, 0.741, 0.803, 0.243, 0.225, 0.18, 0.118, 0.184, 0.289, 0.252, 0.26, 0.256, 0.433, 1.337, 1.38]
37.75 37.3 [0.385, 0.683, 0.737, 0.806, 0.249, 0.225, 0.191, 0.114, 0.19, 0.272, 0.237, 0.258, 0.249, 0.475, 1.344, 1.368]
37.94 37.1 [0.405, 0.686, 0.738, 0.811, 0.245, 0.192, 0.168, 0.128, 0.22, 0.275, 0.281, 0.251, 0.264, 0.516, 1.335, 1.399]
38.13 40.3 [0.408, 0.698, 0.756, 0.811, 0.219, 0.207, 0.163, 0.129, 0.237, 0.263, 0.252, 0.24, 0.266, 0.521, 1.316, 1.408]
38.32 42.8 [0.417, -1.0, 0.753, 0.804, 0.221, 0.212, 0.167, 0.097, 0.222, 0.266, 0.242, 0.259, 0.249, 0.55, 1.3, 1.42]
38.51 39.4 [0.42, 0.698, 0.773, 0.811, 0.206, 0.23, 0.159, 0.106, 0.231, 0.269, 0.259, 0.252, 0.256, 0.538, 1.278, 0.624]
38.7 40.7 [0.422, 0.726, 0.782, 0.82, 0.216, 0.203, 0.129, 0.118, 0.231, 0.259, 0.261, 0.269, 0.267, 0.563, 1.292, 0.603]
38.9 41.6 [0.429, 0.734, 0.784, 0.844, 0.21, 0.234, 0.14, 0.106, 0.236, 0.263, 0.26, 0.245, 0.264, 0.564, 1.303, 0.577]
39.09 48.3 [0.435, -1.0, 0.817, 0.868, 0.227, 0.218, 0.147, 0.1, 0.257, 0.263, 0.255, 0.262, 0.279, 0.587, 1.315, 0.583]
39.28 46.1 [0.432, 0.798, 0.802, 0.888, 0.218, 0.222, 0.149, 0.114, 0.252, 0.248, 0.267, 0.263, 0.287, 0.577, 1.329, 0.574]
39.47 44.5 [0.43, 0.803, 0.791, 0.911, 0.205, 0.212, 0.138, 0.124, 0.243, 0.263, 0.252, 0.25, 0.3, 0.591, 1.346, 0.579]
39.66 42.8 [0.435, 0.764, 0.829, 0.91, 0.205, 0.212, 0.14, 0.12, 0.257, 0.233, 0.272, 0.246, 0.323, 0.6, 1.386, 0.576]
39.85 49.2 [0.438, 0.771, 0.82, 0.883, 0.222, 0.217, 0.165, 0.113, 0.263, 0.247, 0.259, 0.255, 0.338, 0.858, 1.359, 0.563]
40.04 47.3 [0.451, 0.776, 0.819, 0.873, 0.194, 0.23, 0.13, 0.129, 0.251, 0.235, 0.259, 0.237, 0.336, 0.882, 1.387, 0.552]
40.23 50.5 [0.45, 0.751, 0.825, 0.883, 0.209, 0.241, 0.144, 0.138, 0.263, 0.251, 0.267, 0.237, 0.374, 0.89, 1.372, 0.538]
40.42 50.8 [0.436, 0.757, 0.822, 0.883, 0.205, 0.216, 0.152, 0.14, 0.262, 0.253, 0.252, 0.228, 0.366, 0.958, 1.361, 0.546]
40.61 56.9 [0.44, 0.735, 0.815, 0.871, 0.212, 0.211, 0.114, 0.147, 0.285, 0.25, 0.25, 0.238, 0.38, 1.137, 1.357, 0.553]
40.8 51.9 [0.447, 0.739, 0.795, 0.883, 0.204, 0.181, 0.127, 0.135, 0.257, 0.26, 0.267, 0.259, 0.399, 1.133, 1.362, 0.538]
40.99 58.1 [0.47, 0.724, 0.806, 0.288, 0.231, 0.196, 0.114, 0.137, 0.292, 0.256, 0.27, 0.252, 0.409, 1.169, 1.361, 0.416]
41.18 51.8 [0.463, 0.736, 0.781, 0.293, 0.216, 0.183, 0.138, 0.16, 0.286, 0.259, 0.259, 0.219, 0.395, 1.2, 1.371, 0.41]
41.4 59.2 [0.496, 0.727, 0.801, 0.255, 0.213, 0.176, 0.117, 0.164, 0.276, 0.258, 0.246, 0.243, 0.415, 1.249, 1.356, 0.378]
41.59 60.0 [0.493, 0.751, 0.799, 0.257, 0.213, -1.0, 0.123, 0.163, 0.283, 0.239, 0.24, 0.262, 0.431, 1.297, 1.354, 0.375]
41.78 62.6 [0.682, 0.731, 0.785, 0.244, 0.205, 0.178, 0.114, 0.206, 0.282, 0.252, 0.245, 0.236, 0.469, 1.348, 1.366, 0.387]
41.97 60.1 [0.68, 0.756, 0.807, 0.227, 0.228, 0.169, 0.106, 0.228, 0.262, 0.273, 0.254, 0.24, 0.493, 1.332, 1.384, 0.398]
42.16 57.0 [0.694, 0.744, 0.808, 0.217, 0.222, 0.168, 0.127, 0.221, 0.272, 0.247, 0.239, 0.263, 0.521, 1.315, 1.411, 0.399]
42.35 68.1 [0.689, 0.758, 0.812, 0.228, 0.231, 0.159, 0.113, 0.247, 0.27, 0.253, 0.262, 0.254, 0.53, 1.295, -1.0, -1.0]
42.54 66.2 [0.704, 0.77, 0.824, 0.222, 0.227, 0.178, 0.1, 0.22, 0.247, 0.263, 0.246, 0.25, 0.554, 1.293, 0.813, 0.44]
42.73 62.1 [-1.0, 0.783, 0.825, 0.21, 0.22, 0.148, 0.114, 0.238, 0.276, 0.266, 0.259, 0.283, 0.542, 1.29, 0.592, 0.434]
42.92 70.1 [0.717, 0.795, 0.835, 0.224, 0.225, 0.163, 0.103, 0.237, 0.252, 0.266, 0.255, 0.261, 0.563, 1.298, 0.57, 0.432]
43.12 65.9 [0.728, 0.794, 0.869, 0.209, 0.21, 0.131, 0.095, 0.245, 0.259, 0.249, 0.248, 0.28, 0.58, 1.318, 0.586, 0.425]
43.31 67.0 [0.786, 0.815, 0.888, 0.206, 0.215, 0.135, 0.117, 0.228, 0.26, 0.252, 0.254, 0.269, 0.58, 1.312, 0.582, 0.439]
43.5 71.1 [0.793, 0.813, 0.895, 0.212, 0.223, 0.124, 0.116, 0.273, 0.255, 0.291, 0.246, 0.3, 0.606, 1.335, 0.563, 0.443]
43.69 70.0 [0.784, 0.8, 0.923, 0.202, 0.226, 0.159, 0.132, 0.248, 0.246, 0.271, 0.236, 0.314, 0.624, 1.364, 0.557, 0.445]
43.88 69.6 [0.748, 0.798, 0.89, 0.214, 0.215, 0.125, 0.129, 0.253, 0.254, 0.263, 0.249, 0.328, 0.638, 1.378, 0.551, 0.438]
44.07 74.9 [0.774, 0.815, 0.895, 0.208, 0.227, 0.119, 0.111, 0.269, 0.269, 0.251, 0.245, 0.327, 0.876, 1.387, 0.55, 0.44]
44.26 75.6 [0.741, 0.808, 0.87, 0.194, 0.223, 0.136, 0.143, 0.255, 0.249, 0.26, 0.249, 0.334, 0.893, 1.379, 0.546, 0.44]
44.45 76.7 [0.735, 0.808, 0.868, 0.201, 0.218, 0.124, 0.141, 0.252, 0.268, 0.263, 0.262, 0.372, 0.946, 1.382, 0.546, 0.43]
44.64 77.6 [0.716, 0.816, -1.0, 0.216, 0.224, 0.136, 0.145, 0.266, 0.25, 0.252, 0.225, 0.391, 1.101, 1.369, 0.527, 0.463]
44.83 77.3 [0.732, 0.794, 0.887, 0.217, 0.203, 0.13, 0.144, 0.273, 0.24, 0.241, 0.242, 0.385, 1.135, 1.354, 0.546, 0.449]
45.02 77.5 [0.717, 0.791, 0.309, 0.209, 0.197, 0.121, 0.147, 0.28, 0.246, 0.272, 0.255, 0.388, 1.153, 1.337, 0.416, 0.467]
45.21 79.2 [0.723, 0.794, 0.257, 0.227, 0.193, 0.118, 0.155, 0.252, 0.245, 0.267, 0.227, 0.406, 1.201, 1.35, 0.414, 0.463]
45.4 81.1 [0.743, 0.813, 0.266, 0.217, 0.19, 0.12, 0.166, 0.289, 0.258, 0.265, 0.247, 0.419, 1.21, 1.357, 0.408, 0.463]
45.59 83.1 [0.736, 0.798, 0.26, 0.214, 0.203, 0.122, 0.163, 0.28, 0.247, 0.264, 0.234, 0.409, 1.263, 1.371, 0.378, 0.493]
45.79 82.0 [0.728, 0.807, 0.24, 0.203, 0.188, 0.133, 0.187, 0.243, 0.249, 0.252, 0.252, 0.456, 1.352, 1.37, 0.385, 0.668]
45.98 83.0 [0.745, 0.802, 0.237, 0.219, 0.17, 0.129, 0.212, 0.257, 0.253, 0.244, 0.248, 0.485, 1.329, 1.376, 0.403, 0.682]
46.17 87.4 [0.753, 0.811, 0.236, 0.214, 0.148, 0.103, 0.218, 0.274, 0.266, 0.243, 0.251, 0.508, 1.335, 1.395, 0.401, 0.702]
46.36 84.7 [0.77, 0.815, 0.25, 0.226, 0.171, 0.109, 0.223, 0.26, 0.262, 0.267, 0.232, 0.54, 1.318, 1.426, 0.418, 0.69]
46.55 85.4 [0.763, 0.827, 0.203, 0.197, 0.156, 0.111, 0.231, 0.251, 0.263, 0.232, 0.26, 0.546, 1.313, 1.428, 0.425, 0.702]
46.74 85.3 [0.772, 0.818, 0.215, 0.22, 0.147, 0.104, 0.253, 0.251, 0.248, 0.246, 0.271, 0.561, 1.295, 0.588, 0.433, 0.705]
46.93 91.1 [0.797, 0.842, 0.205, 0.224, 0.156, 0.08, 0.248, 0.248, 0.263, 0.266, 0.28, 0.574, 1.295, 0.566, 0.433, 0.728]
47.12 87.2 [0.796, 0.865, 0.198, 0.214, 0.159, 0.132, 0.229, 0.266, 0.258, 0.25, 0.271, 0.575, 1.301, 0.578, 0.415, 0.746]
47.31 87.9 [0.808, 0.875, 0.234, 0.206, 0.142, 0.12, 0.247, 0.248, 0.261, 0.237, 0.291, 0.569, 1.31, 0.551, 0.433, 0.735]
47.5 94.9 [0.828, 0.891, 0.21, 0.223, 0.154, 0.117, 0.251, 0.247, 0.264, 0.229, 0.304, 0.584, 1.325, 0.563, 0.424, 0.799]
47.69 90.0 [0.829, 0.91, 0.228, 0.219, 0.137, 0.115, 0.259, 0.251, 0.26, 0.234, 0.309, 0.607, 1.343, 0.58, 0.445, 0.771]
47.88 90.8 [0.821, 0.903, 0.212, 0.216, 0.133, 0.121, 0.267, 0.252, 0.252, 0.242, 0.326, 0.606, 1.356, 0.563, 0.454, 0.776]
48.07 91.8 [0.8, 0.886, 0.23, 0.202, 0.108, 0.125, 0.258, 0.257, 0.274, 0.24, 0.338, 0.851, 1.384, 0.563, 0.449, 0.758]
48.26 98.7 [0.808, 0.886, 0.203, 0.204, 0.132, 0.135, 0.259, 0.269, 0.255, 0.248, 0.335, 0.884, 1.403, 0.579, 0.468, 0.756]
48.45 97.6 [0.807, 0.87, -1.0, 0.219, 0.134, 0.117, 0.264, 0.25, 0.268, 0.245, 0.367, -1.0, 1.38, 0.559, 0.429, 0.737]
48.65 99.0 [0.807, 0.876, 0.24, 0.211, 0.146, 0.135, 0.268, 0.249, 0.267, 0.258, 0.37, 1.068, -1.0, 0.537, 0.451, 0.744]
48.84 101.0 [0.796, 0.879, 0.219, 0.208, 0.133, 0.155, 0.271, 0.273, 0.274, 0.237, 0.37, 1.133, 1.363, 0.527, 0.464, 0.742]
49.03 96.8 [0.801, 0.89, 0.209, 0.202, 0.128, 0.157, 0.25, 0.247, 0.264, 0.236, 0.395, 1.169, 1.348, 0.425, 0.434, 0.723]
49.22 99.8 [0.795, 0.279, 0.218, 0.201, 0.118, 0.154, 0.279, 0.247, 0.272, 0.242, 0.406, 1.195, 1.348, 0.427, 0.464, 0.722]
49.41 101.9 [0.813, 0.273, 0.212, 0.191, 0.12, 0.174, 0.278, 0.26, 0.257, 0.237, 0.397, 1.207, 1.355, 0.408, 0.466, 0.721]
49.6 104.3 [0.825, 0.236, 0.207, 0.197, 0.121, 0.15, 0.28, 0.253, 0.253, 0.241, 0.41, 1.225, 1.341, 0.385, 0.489, 0.731]
49.79 105.3 [0.812, 0.231, 0.204, 0.186, 0.119, 0.203, 0.286, 0.242, 0.251, 0.23, 0.429, 1.343, 1.37, 0.398, 0.671, 0.738]
49.98 101.0 [0.798, 0.238, 0.224, 0.168, 0.112, 0.2, 0.283, 0.246, 0.271, 0.247, 0.471, 1.349, 1.372, 0.396, 0.683, 0.746]
