0.04 185.1 [0.107, 0.126, 0.247, 0.24, 0.261, 0.251, 0.367, 1.17, 1.359, 0.448, 0.469, 0.757, 0.787, 0.227, 0.221, 0.159]
0.23 193.0 [0.108, 0.128, 0.238, 0.229, 0.272, 0.248, 0.401, 1.197, 1.369, 0.423, 0.51, 0.756, 0.811, 0.216, 0.213, 0.151]
0.42 192.7 [0.121, 0.129, 0.266, 0.231, 0.259, 0.24, 0.399, 1.218, 1.372, -1.0, 0.504, 0.759, 0.819, 0.222, 0.216, 0.154]
0.61 190.5 [0.103, 0.119, 0.26, 0.245, 0.257, 0.256, 0.418, 1.254, 1.342, 0.41, 0.684, 0.745, 0.808, 0.214, 0.201, 0.156]
0.8 194.6 [0.117, 0.145, 0.256, 0.247, 0.264, 0.247, 0.421, 1.312, 1.386, 0.405, 0.711, 0.755, 0.808, 0.185, 0.221, 0.147]
0.99 196.2 [0.092, 0.156, 0.27, 0.232, 0.262, 0.243, 0.414, 1.362, 1.397, 0.404, 0.698, 0.76, 0.805, 0.202, 0.199, 0.157]
1.18 195.0 [0.09, 0.178, 0.251, 0.246, 0.252, 0.258, 0.452, 1.346, 1.407, 0.435, 0.714, 0.75, 0.777, 0.199, 0.208, 0.146]
1.37 202.9 [0.096, 0.18, 0.258, 0.245, 0.269, 0.256, 0.509, 1.339, 1.42, 0.432, 0.716, 0.789, 0.799, 0.199, 0.21, 0.126]
1.57 200.2 [0.092, 0.219, 0.235, 0.233, 0.234, 0.259, 0.548, 1.318, 1.442, 0.435, 0.734, 0.791, 0.829, 0.206, 0.196, 0.123]
1.76 199.9 [0.1, 0.224, 0.265, 0.252, 0.251, 0.251, 0.553, 1.311, 0.601, 0.442, 0.723, 0.806, 0.82, 0.202, 0.198, 0.117]
1.95 200.3 [0.079, 0.209, 0.246, 0.24, 0.254, 0.259, 0.554, 1.294, 0.613, 0.455, 0.731, 0.801, 0.842, 0.192, 0.214, 0.127]
2.14 201.0 [0.09, 0.218, 0.257, 0.254, 0.25, 0.264, 0.57, 1.332, 0.608, 0.465, 0.762, 0.81, 0.883, 0.195, 0.201, 0.12]
2.33 203.5 [0.101, -1.0, 0.245, 0.256, 0.246, 0.258, 0.599, 1.331, 0.611, 0.444, 0.816, 0.818, 0.898, 0.216, 0.185, 0.14]
2.52 205.7 [0.095, 0.217, 0.238, 0.238, 0.254, 0.267, 0.603, 1.333, 0.593, 0.445, 0.802, 0.834, 0.907, 0.211, 0.193, 0.102]
2.71 205.4 [0.089, 0.221, 0.249, 0.255, 0.247, 0.297, 0.601, 1.383, 0.574, 0.471, 0.786, 0.837, 0.916, 0.188, 0.207, 0.13]
2.9 204.9 [0.118, 0.221, 0.232, 0.26, 0.272, 0.286, 0.61, 1.379, 0.571, 0.469, 0.79, 0.832, 0.913, 0.22, 0.188, 0.113]
3.09 206.6 [0.099, 0.218, 0.226, 0.276, 0.243, 0.276, 0.628, 1.395, 0.575, 0.459, 0.779, 0.812, 0.879, 0.204, 0.187, 0.099]
3.28 207.7 [0.107, 0.233, 0.252, 0.257, 0.255, 0.29, 0.868, 1.392, 0.583, 0.465, 0.758, 0.82, 0.866, 0.208, 0.188, 0.127]
3.47 209.2 [0.114, 0.225, 0.231, 0.257, 0.247, 0.334, 0.914, 1.404, 0.576, 0.478, 0.744, 0.792, 0.871, 0.226, 0.201, 0.102]
3.66 210.4 [0.126, 0.219, 0.243, 0.254, 0.244, 0.342, 0.93, 1.394, 0.58, 0.473, 0.763, 0.819, 0.266, 0.195, 0.189, 0.11]
3.85 210.8 [0.104, 0.242, 0.236, 0.241, 0.231, 0.368, 1.093, 1.385, 0.56, 0.465, 0.746, 0.808, 0.258, 0.213, 0.155, 0.1]
4.04 211.1 [0.13, 0.25, 0.229, 0.254, 0.261, 0.363, 1.144, 1.361, 0.43, 0.461, 0.737, 0.811, 0.234, 0.205, 0.175, 0.097]
4.23 214.6 [0.14, 0.243, 0.239, 0.281, 0.237, 0.406, 1.176, 1.363, 0.432, 0.501, 0.752, 0.793, 0.224, 0.19, 0.166, 0.083]
4.42 216.3 [0.134, 0.265, 0.246, 0.267, 0.244, 0.41, 1.214, 1.379, 0.421, 0.499, 0.753, 0.81, 0.225, 0.196, 0.152, 0.101]
4.62 208.6 [0.142, 0.268, 0.245, 0.254, 0.227, 0.422, 1.241, 1.39, 0.387, 0.666, 0.741, 0.824, 0.206, 0.205, 0.155, 0.088]
4.81 217.5 [0.127, 0.278, 0.224, 0.258, 0.25, 0.407, 1.269, 1.405, 0.387, 0.679, 0.763, 0.821, 0.217, 0.216, 0.131, 0.099]
5.0 213.5 [0.165, 0.269, 0.24, 0.26, 0.245, 0.41, 1.353, 1.386, 0.414, -1.0, 0.735, 0.818, 0.208, 0.211, 0.156, 0.086]
5.19 217.6 [0.177, 0.267, 0.245, 0.26, 0.241, 0.456, 1.372, 1.414, 0.438, 0.714, 0.753, 0.804, 0.192, 0.223, 0.145, 0.092]
5.38 221.8 [0.181, 0.271, 0.256, 0.257, 0.268, 0.5, 1.331, 1.422, 0.416, 0.723, 0.787, 0.798, 0.215, 0.21, 0.149, 0.1]
5.57 220.8 [0.198, 0.266, 0.237, 0.256, 0.257, 0.529, 1.328, 1.428, 0.435, 0.703, 0.79, 0.805, 0.193, 0.218, 0.127, 0.099]
5.76 223.6 [0.22, 0.258, 0.222, 0.245, 0.251, 0.538, 1.308, 0.833, 0.44, 0.729, 0.791, 0.826, 0.22, 0.215, 0.129, 0.094]
5.95 223.1 [0.208, 0.247, 0.236, 0.264, 0.238, 0.571, 1.312, 0.6, 0.438, 0.732, 0.81, 0.858, 0.184, 0.224, 0.122, 0.085]
6.14 226.4 [0.224, 0.252, 0.243, 0.245, 0.248, 0.571, 1.295, 0.595, 0.458, 0.737, 0.818, 0.875, 0.19, 0.2, 0.124, 0.09]
6.33 224.2 [0.215, 0.261, 0.241, 0.252, 0.274, 0.585, 1.325, 0.599, 0.444, 0.789, 0.802, 0.907, 0.213, 0.188, 0.118, 0.107]
6.52 226.6 [0.232, 0.242, 0.256, 0.245, 0.265, 0.58, 1.353, 0.6, 0.477, 0.824, 0.832, 0.882, 0.225, 0.199, 0.117, 0.083]
6.71 225.1 [0.233, 0.246, 0.262, 0.266, 0.262, 0.596, 1.354, 0.595, 0.442, 0.787, 0.812, 0.907, 0.199, 0.209, 0.135, 0.125]
6.9 226.6 [0.227, 0.239, 0.255, 0.244, 0.266, 0.617, 1.377, 0.585, 0.461, 0.797, 0.831, 0.9, 0.193, 0.214, 0.126, 0.093]
7.09 226.8 [0.238, 0.248, 0.264, 0.247, 0.288, 0.637, 1.388, 0.58, 0.476, 0.772, 0.819, 0.891, 0.211, 0.209, 0.111, 0.092]
7.29 229.2 [0.245, 0.244, 0.269, 0.246, 0.295, 0.632, 1.395, 0.591, 0.454, 0.781, 0.816, 0.867, 0.202, 0.199, 0.092, 0.111]
7.48 232.8 [0.224, 0.262, 0.27, 0.244, 0.321, 0.888, 1.383, 0.582, 0.48, 0.761, 0.809, 0.87, 0.191, 0.181, 0.125, 0.108]
7.67 232.7 [0.247, 0.24, 0.278, 0.232, 0.345, 0.915, 1.379, 0.562, 0.48, 0.767, 0.831, 0.287, 0.227, 0.192, 0.106, 0.116]
7.86 231.2 [0.233, 0.234, 0.264, 0.25, 0.358, 0.963, 1.378, 0.563, 0.457, 0.743, 0.802, 0.238, 0.199, 0.162, 0.098, 0.119]
8.05 237.3 [0.264, 0.249, 0.237, 0.249, 0.375, 1.162, 1.38, 0.57, 0.481, 0.757, 0.797, 0.236, 0.21, 0.181, 0.112, 0.117]
8.24 232.4 [0.256, 0.237, 0.263, 0.253, 0.364, 1.165, 1.385, 0.455, 0.478, 0.722, 0.818, 0.223, 0.217, 0.171, 0.108, 0.135]
8.43 235.0 [0.27, 0.24, 0.242, 0.247, 0.395, 1.204, 1.392, 0.419, -1.0, 0.743, 0.801, 0.216, 0.196, 0.148, 0.1, 0.127]
8.62 235.7 [0.26, 0.235, 0.269, 0.254, 0.417, 1.225, 1.362, 0.42, 0.525, 0.746, 0.824, 0.232, 0.207, 0.161, 0.082, 0.128]
8.81 236.7 [0.27, 0.23, 0.261, 0.255, 0.404, 1.265, 1.385, 0.402, 0.67, 0.758, 0.818, 0.198, 0.206, 0.144, 0.089, 0.149]
9.0 238.4 [0.27, 0.254, 0.255, 0.25, 0.419, 1.353, 1.365, 0.407, 0.703, 0.756, 0.796, 0.221, 0.204, 0.144, 0.105, 0.142]
9.19 242.6 [0.28, 0.246, 0.265, 0.239, 0.439, 1.36, 1.388, 0.413, 0.709, 0.757, 0.806, 0.207, 0.21, 0.135, 0.106, 0.159]
9.38 240.7 [0.265, 0.247, 0.252, 0.259, 0.462, 1.328, 1.435, 0.423, 0.72, 0.78, 0.813, 0.222, 0.22, 0.142, 0.081, 0.179]
9.57 239.4 [0.26, 0.238, 0.254, 0.265, 0.542, 1.341, 1.452, 0.44, 0.708, 0.766, 0.804, 0.211, 0.201, 0.123, 0.113, 0.199]
9.79 244.6 [0.265, 0.251, 0.263, 0.233, 0.534, 1.314, 0.833, 0.425, 0.71, 0.785, 0.821, 0.221, 0.208, 0.141, 0.1, 0.207]
9.98 245.1 [0.273, 0.25, 0.246, 0.256, 0.551, 1.308, 0.619, 0.46, 0.752, 0.774, 0.838, 0.215, 0.206, 0.139, 0.092, 0.201]
10.17 250.5 [0.252, 0.276, 0.254, 0.26, 0.565, 1.313, 0.587, 0.455, -1.0, 0.806, 0.874, 0.201, 0.193, 0.134, 0.082, 0.23]
10.36 248.5 [0.238, 0.253, 0.271, 0.257, 0.571, 1.323, 0.575, 0.458, 0.768, 0.817, 0.907, 0.205, 0.205, 0.099, 0.111, 0.223]
10.55 247.6 [0.229, 0.248, 0.245, 0.274, 0.59, 1.337, 0.612, 0.454, 0.811, 0.805, 0.905, 0.227, 0.197, 0.122, 0.096, 0.212]
10.74 251.0 [0.22, 0.245, 0.252, 0.272, 0.589, -1.0, 0.582, 0.45, 0.794, -1.0, 0.919, 0.197, 0.227, 0.121, 0.108, 0.217]
10.94 246.4 [0.223, 0.254, 0.264, 0.276, 0.606, 1.37, 0.576, 0.461, 0.767, 0.816, 0.911, 0.211, 0.208, 0.13, 0.113, 0.223]
11.13 251.2 [0.246, 0.264, 0.262, 0.276, 0.618, 1.402, 0.581, 0.465, 0.774, 0.828, 0.896, 0.211, 0.195, 0.117, 0.091, 0.237]
11.32 256.5 [0.247, 0.27, 0.235, 0.302, 0.631, 1.41, 0.572, 0.464, 0.786, 0.812, 0.876, 0.208, 0.207, 0.113, 0.1, 0.245]
11.51 254.8 [0.253, 0.251, 0.233, 0.319, 0.885, 1.398, 0.566, 0.457, 0.765, 0.815, 0.879, 0.202, 0.212, 0.112, 0.094, 0.244]
11.7 250.9 [0.255, 0.256, 0.263, 0.33, 0.915, 1.385, -1.0, 0.478, 0.738, 0.806, 0.884, 0.195, 0.196, 0.119, 0.125, 0.241]
11.89 254.8 [0.251, 0.263, 0.243, 0.367, 0.948, 1.402, 0.545, 0.457, 0.757, 0.797, 0.288, 0.216, 0.182, 0.094, 0.115, 0.251]
12.08 256.0 [0.248, 0.273, 0.247, 0.366, 1.149, 1.367, 0.561, 0.47, 0.741, 0.794, 0.24, 0.196, 0.174, 0.118, 0.127, 0.249]
12.27 257.3 [0.256, 0.268, 0.26, 0.372, 1.147, 1.361, 0.434, 0.479, 0.728, 0.819, 0.249, 0.212, 0.173, 0.101, 0.116, 0.255]
12.46 257.7 [0.258, -1.0, 0.238, 0.39, 1.196, 1.374, 0.407, 0.472, 0.745, 0.812, 0.232, 0.216, 0.16, 0.108, 0.126, 0.249]
12.65 258.2 [0.251, 0.277, 0.269, 0.394, 1.227, 1.387, 0.408, 0.507, 0.738, 0.811, 0.219, 0.203, 0.158, 0.116, 0.14, 0.26]
12.84 260.1 [0.233, 0.262, 0.252, 0.407, 1.25, 1.368, 0.415, -1.0, 0.752, 0.799, 0.216, 0.225, 0.151, 0.078, 0.123, 0.266]
13.03 259.4 [0.233, 0.255, 0.247, 0.426, 1.303, 1.372, 0.415, 0.707, 0.745, 0.792, 0.22, 0.211, 0.134, 0.104, 0.128, 0.267]
13.22 259.8 [0.254, 0.274, 0.232, 0.421, 1.352, 1.389, 0.42, 0.717, 0.773, 0.802, 0.195, 0.197, 0.148, 0.116, 0.131, 0.288]
13.42 262.4 [0.234, 0.262, 0.245, 0.462, 1.344, 1.415, 0.427, 0.693, 0.772, 0.801, 0.217, 0.193, 0.143, 0.089, 0.177, 0.267]
13.61 264.7 [0.229, 0.248, 0.244, 0.54, 1.32, 1.429, 0.434, 0.695, 0.778, 0.809, 0.198, 0.22, 0.121, 0.096, 0.206, 0.26]
13.8 265.9 [0.238, 0.276, 0.253, 0.535, 1.334, 1.453, 0.434, 0.728, 0.771, 0.815, 0.22, 0.217, 0.13, 0.096, 0.205, 0.282]
13.99 263.9 [0.24, 0.268, 0.243, 0.526, 1.314, 0.599, 0.439, 0.723, 0.788, 0.83, 0.208, 0.19, 0.126, 0.096, 0.213, 0.233]
14.18 270.1 [0.274, 0.257, 0.262, 0.552, 1.315, 0.59, 0.444, 0.734, 0.804, 0.862, 0.209, -1.0, 0.144, 0.083, 0.216, 0.267]
14.37 267.2 [0.265, 0.261, 0.279, 0.571, 1.325, 0.594, 0.472, 0.74, 0.782, 0.878, 0.218, 0.192, 0.127, 0.112, 0.233, -1.0]
14.56 267.3 [0.23, 0.243, -1.0, 0.578, 1.327, 0.588, 0.441, 0.798, 0.839, 0.904, 0.231, 0.205, 0.135, 0.097, 0.223, 0.271]
14.75 269.3 [0.236, 0.255, 0.272, 0.591, 1.354, 0.59, 0.435, 0.809, 0.826, 0.894, 0.204, 0.199, 0.128, 0.089, 0.225, 0.227]
14.94 273.6 [0.253, 0.259, 0.281, 0.585, 1.374, 0.588, 0.457, 0.802, 0.825, 0.908, 0.208, 0.203, 0.105, 0.099, 0.249, 0.255]
15.13 273.2 [0.268, 0.25, 0.289, 0.611, 1.385, 0.564, 0.453, 0.803, 0.811, 0.891, 0.207, 0.199, 0.134, 0.112, 0.238, 0.23]
15.32 269.9 [0.225, 0.236, 0.293, 0.626, 1.388, 0.585, 0.433, 0.762, 0.82, 0.878, 0.193, 0.224, 0.112, -1.0, 0.246, 0.235]
15.51 275.8 [0.256, 0.234, 0.328, 0.867, 1.397, 0.582, 0.464, 0.767, 0.805, 0.866, 0.194, 0.201, 0.109, 0.104, 0.262, 0.246]
15.7 273.0 [0.259, 0.265, 0.346, 0.922, 1.391, 0.558, 0.459, 0.745, 0.812, 0.859, 0.195, 0.193, 0.121, 0.116, 0.252, 0.247]
15.89 275.9 [0.26, 0.251, 0.367, 0.956, 1.376, 0.549, 0.464, 0.747, 0.804, 0.281, 0.227, 0.171, 0.097, 0.101, 0.249, 0.239]
16.09 278.4 [0.252, 0.252, 0.347, 1.12, 1.359, 0.55, 0.469, 0.747, 0.793, 0.231, 0.212, 0.179, 0.097, 0.124, 0.236, 0.237]
16.28 275.0 [0.266, 0.265, 0.388, 1.152, 1.386, 0.418, 0.474, 0.726, -1.0, 0.238, 0.212, 0.192, 0.115, 0.122, 0.231, 0.234]
16.47 278.4 [0.246, 0.248, 0.387, 1.188, 1.371, 0.421, 0.491, 0.724, 0.788, 0.249, 0.222, 0.174, 0.115, 0.129, 0.269, 0.257]
16.66 282.4 [0.264, 0.249, 0.404, 1.221, 1.377, 0.424, 0.501, -1.0, 0.811, 0.219, 0.21, 0.172, 0.123, 0.139, 0.253, 0.248]
16.85 281.4 [0.259, 0.256, 0.402, 1.226, -1.0, 0.423, 0.678, 0.734, 0.819, 0.204, 0.207, 0.155, 0.12, 0.132, 0.276, 0.25]
17.04 284.0 [0.254, 0.242, 0.418, 1.279, 1.361, 0.42, 0.692, 0.745, 0.81, 0.203, 0.197, 0.149, 0.114, 0.141, 0.261, 0.25]
17.23 285.9 [0.26, 0.248, 0.416, 1.359, 1.362, 0.423, 0.705, 0.742, 0.815, 0.194, 0.19, 0.146, 0.084, 0.15, 0.261, 0.244]
17.42 282.9 [0.265, 0.237, 0.462, 1.366, 1.392, 0.438, 0.699, 0.758, 0.792, 0.216, 0.194, 0.138, 0.102, 0.152, 0.274, 0.248]
17.61 290.9 [0.253, 0.243, 0.515, 1.343, 1.418, 0.425, 0.73, 0.772, 0.81, 0.199, 0.203, 0.148, 0.078, 0.18, 0.268, 0.245]
17.8 291.0 [0.241, 0.251, -1.0, 1.327, 1.445, 0.427, 0.726, 0.785, 0.826, 0.235, 0.208, 0.141, 0.094, 0.186, 0.258, 0.231]
17.99 290.0 [0.256, 0.265, 0.55, 1.32, 0.835, 0.46, 0.722, 0.779, -1.0, 0.216, 0.191, 0.139, 0.094, 0.198, 0.269, 0.244]
18.18 288.9 [0.268, 0.257, 0.57, 1.297, 0.609, 0.445, 0.747, 0.817, 0.837, 0.205, 0.205, 0.132, 0.101, 0.239, 0.249, 0.253]
18.37 292.0 [0.245, 0.266, 0.581, 1.326, 0.603, 0.46, 0.738, -1.0, 0.873, 0.205, 0.193, 0.158, 0.095, 0.218, 0.238, 0.262]
18.56 293.0 [0.249, 0.254, 0.569, 1.329, 0.59, 0.458, 0.772, 0.8, 0.902, 0.211, 0.207, 0.147, 0.093, 0.213, 0.255, 0.259]
18.75 291.1 [0.246, 0.253, 0.59, 1.357, 0.587, 0.452, 0.821, 0.803, 0.906, 0.204, 0.201, 0.134, 0.094, 0.228, 0.255, 0.28]
18.95 293.3 [0.243, 0.265, 0.584, 1.369, 0.574, 0.448, 0.806, 0.828, 0.897, 0.204, 0.204, 0.107, 0.097, 0.23, 0.252, 0.256]
19.14 296.7 [0.241, 0.266, 0.603, 1.388, 0.566, 0.445, 0.784, 0.809, 0.882, 0.187, 0.22, 0.131, 0.095, 0.218, 0.232, 0.268]
19.33 294.1 [0.232, 0.291, 0.622, 1.385, 0.558, 0.462, 0.777, 0.811, 0.888, 0.184, 0.2, 0.11, 0.102, 0.249, 0.241, 0.275]
19.52 299.0 [0.245, 0.308, 0.848, 1.412, 0.555, 0.456, 0.758, 0.813, 0.868, 0.201, 0.2, 0.118, 0.094, 0.246, 0.254, 0.254]
19.71 299.6 [0.26, 0.351, 0.894, 1.392, 0.563, 0.464, 0.765, 0.796, 0.879, 0.206, 0.193, 0.112, 0.096, 0.225, 0.233, 0.272]
19.9 299.1 [0.263, 0.358, 0.927, 1.385, 0.565, 0.47, 0.731, 0.81, 0.308, 0.215, 0.189, 0.131, 0.102, 0.244, 0.235, 0.262]
20.09 300.1 [0.255, 0.362, 1.092, 1.374, 0.553, 0.469, 0.753, 0.791, 0.276, 0.183, 0.186, 0.105, 0.114, 0.242, -1.0, 0.267]
20.28 303.3 [0.249, 0.39, 1.143, 1.383, 0.437, 0.474, 0.72, 0.775, 0.246, 0.196, 0.196, 0.116, 0.131, 0.252, 0.246, 0.261]
20.47 301.3 [0.276, 0.399, 1.176, 1.369, 0.437, 0.479, 0.734, 0.822, 0.236, 0.211, 0.174, 0.104, 0.143, 0.259, 0.249, 0.265]
20.66 302.1 [0.243, 0.384, 1.216, 1.357, 0.429, 0.481, 0.734, 0.813, 0.218, 0.215, 0.159, 0.114, 0.124, 0.268, 0.24, 0.26]
20.85 304.9 [0.259, 0.398, 1.222, 1.373, 0.394, 0.518, 0.753, 0.821, 0.236, 0.211, 0.177, 0.112, 0.143, 0.259, 0.266, 0.267]
21.04 302.8 [0.241, -1.0, 1.235, 1.376, 0.42, 0.692, 0.733, 0.821, 0.222, 0.212, 0.155, 0.113, 0.124, 0.263, 0.253, 0.261]
21.23 307.6 [0.238, 0.415, 1.346, 1.381, 0.407, 0.682, 0.753, 0.81, 0.213, 0.207, 0.123, 0.1, 0.14, 0.286, 0.244, 0.261]
21.42 303.1 [0.249, 0.445, 1.357, 1.395, 0.428, 0.703, 0.758, 0.805, 0.206, 0.205, 0.136, 0.082, 0.15, 0.283, 0.254, 0.279]
21.62 313.9 [0.243, 0.482, 1.345, 1.42, 0.422, 0.701, 0.774, 0.823, 0.235, 0.212, 0.161, 0.108, 0.179, 0.25, 0.254, 0.247]
21.81 310.3 [0.237, 0.542, 1.32, 1.431, 0.438, 0.712, 0.776, 0.832, 0.212, 0.219, 0.144, 0.108, 0.184, 0.282, 0.238, 0.258]
22.02 310.4 [0.247, 0.565, 1.325, 0.827, 0.431, 0.729, 0.782, 0.802, 0.196, 0.213, 0.119, 0.096, 0.224, 0.248, 0.242, 0.258]
22.21 311.7 [0.252, 0.556, 1.299, 0.606, 0.449, 0.726, 0.789, 0.84, 0.205, 0.196, 0.141, 0.098, 0.189, 0.264, 0.264, 0.25]
22.4 314.4 [0.244, 0.56, 1.317, 0.597, 0.46, 0.742, 0.815, 0.857, 0.196, 0.208, 0.131, 0.096, 0.215, 0.259, 0.268, 0.26]
22.59 313.8 [0.264, 0.59, 1.328, 0.596, 0.437, 0.749, 0.81, 0.886, 0.211, 0.207, 0.127, 0.082, 0.23, 0.249, 0.266, 0.239]
22.78 315.9 [0.263, 0.577, 1.327, 0.581, 0.447, 0.794, 0.813, 0.889, 0.208, 0.213, 0.113, 0.09, 0.231, 0.241, 0.258, 0.24]
22.98 317.4 [0.257, 0.602, 1.353, 0.582, 0.434, 0.791, 0.824, 0.909, 0.209, 0.201, 0.114, 0.095, 0.215, 0.253, 0.25, 0.248]
23.17 311.6 [0.274, 0.613, 1.385, 0.571, 0.459, 0.779, 0.821, 0.887, 0.204, 0.203, 0.103, 0.106, 0.227, 0.253, 0.261, 0.26]
23.36 321.8 [0.28, 0.626, 1.357, 0.579, 0.454, 0.789, 0.823, 0.895, 0.215, 0.204, 0.121, 0.098, 0.236, 0.229, 0.27, 0.268]
23.55 320.6 [0.31, 0.644, 1.408, 0.594, 0.459, 0.773, 0.826, 0.864, 0.204, 0.201, -1.0, 0.124, 0.248, 0.248, 0.257, 0.259]
23.74 321.1 [0.324, 0.916, 1.391, 0.586, 0.467, 0.748, 0.828, 0.871, 0.21, 0.198, 0.107, 0.116, 0.247, 0.238, 0.265, 0.242]
23.93 321.8 [0.357, 0.947, 1.383, 0.548, 0.454, 0.749, 0.824, 0.875, 0.208, 0.194, 0.123, 0.108, 0.234, 0.245, 0.26, 0.244]
24.12 324.9 [0.343, 0.977, 1.39, 0.571, 0.48, 0.74, 0.81, 0.256, 0.179, 0.178, 0.105, 0.114, 0.252, 0.257, 0.273, 0.27]
24.31 320.2 [0.387, 1.166, 1.388, 0.468, 0.461, 0.741, 0.813, 0.227, 0.211, 0.176, 0.105, 0.134, 0.245, 0.231, 0.269, 0.241]
24.5 324.2 [0.397, 1.174, 1.359, 0.438, 0.471, 0.744, 0.809, 0.229, 0.205, 0.162, 0.12, 0.106, 0.261, 0.243, 0.258, 0.264]
24.69 324.6 [0.389, 1.191, 1.377, 0.435, 0.482, 0.749, 0.809, 0.219, 0.202, 0.165, 0.114, 0.109, 0.245, 0.244, 0.25, 0.252]
24.91 329.7 [0.415, 1.215, 1.368, 0.416, 0.512, 0.74, 0.786, 0.215, 0.195, 0.154, 0.081, 0.128, 0.259, 0.225, 0.252, 0.244]
25.1 327.1 [0.419, 1.24, 1.39, 0.398, 0.683, 0.74, 0.797, 0.218, 0.235, 0.144, 0.086, 0.135, 0.255, 0.247, 0.277, 0.252]
25.29 334.2 [0.415, 1.344, 1.384, 0.419, 0.715, 0.75, 0.798, 0.2, 0.189, 0.153, 0.102, 0.134, 0.28, 0.246, 0.274, 0.248]
25.48 328.4 [0.438, 1.349, 1.415, 0.42, 0.689, 0.761, 0.804, 0.211, 0.212, 0.148, 0.099, 0.134, 0.268, 0.235, 0.264, 0.255]
25.67 331.5 [0.477, 1.361, 1.428, 0.423, 0.705, 0.761, 0.802, 0.196, 0.202, 0.145, 0.098, 0.159, 0.282, 0.264, 0.276, 0.253]
25.86 331.0 [0.541, 1.339, 1.424, 0.433, 0.717, 0.778, 0.818, 0.19, 0.204, 0.142, 0.103, 0.176, 0.266, 0.263, 0.26, 0.249]
26.05 333.9 [0.544, 1.322, 0.854, 0.441, 0.734, 0.799, 0.82, 0.207, 0.206, 0.134, 0.104, 0.198, 0.247, 0.24, 0.255, 0.258]
26.24 335.8 [0.568, 1.318, 0.624, 0.431, 0.714, 0.79, 0.809, 0.2, 0.199, 0.138, 0.1, 0.215, 0.259, 0.25, 0.262, 0.252]
26.43 334.0 [0.581, 1.315, 0.581, 0.446, 0.739, 0.799, 0.853, 0.202, 0.198, 0.143, 0.078, 0.216, 0.249, 0.241, 0.258, 0.251]
26.62 341.2 [0.581, 1.311, 0.586, 0.446, 0.751, 0.817, 0.885, 0.204, 0.194, 0.118, 0.083, 0.199, 0.255, 0.266, 0.264, 0.281]
26.81 338.7 [0.587, 1.341, 0.575, 0.452, 0.806, 0.812, 0.891, 0.192, 0.198, 0.129, 0.078, -1.0, 0.248, 0.268, 0.266, 0.269]
27.01 339.6 [0.601, 1.367, 0.591, 0.458, 0.788, 0.811, 0.895, 0.203, 0.204, 0.144, 0.101, 0.24, 0.256, 0.256, 0.243, 0.281]
27.2 338.8 [0.61, 1.363, 0.572, 0.452, 0.799, 0.821, 0.878, 0.203, 0.212, 0.12, 0.103, 0.23, 0.251, 0.255, 0.222, 0.276]
27.39 341.4 [0.615, 1.393, 0.585, 0.45, 0.787, 0.789, 0.893, 0.206, 0.21, 0.118, 0.1, -1.0, 0.229, 0.252, 0.239, 0.305]
27.58 340.7 [0.642, 1.378, 0.58, 0.477, 0.767, 0.82, 0.894, 0.215, 0.195, 0.133, 0.098, 0.241, 0.246, 0.247, 0.232, -1.0]
27.77 342.6 [0.883, 1.408, 0.563, 0.447, 0.762, 0.802, 0.888, 0.217, 0.218, 0.11, 0.11, 0.266, 0.229, 0.258, 0.276, 0.306]
27.96 343.6 [0.937, 1.403, 0.566, 0.482, 0.738, 0.808, 0.864, 0.179, 0.205, 0.11, 0.132, 0.246, 0.267, 0.284, 0.248, 0.351]
28.15 345.8 [0.968, 1.396, 0.564, 0.475, 0.726, 0.808, 0.265, 0.217, 0.197, 0.123, 0.106, 0.244, 0.231, 0.244, 0.259, 0.362]
28.34 347.2 [1.146, 1.383, 0.552, 0.482, 0.732, 0.794, 0.252, 0.216, 0.189, 0.117, 0.104, 0.254, 0.239, 0.26, 0.245, 0.365]
28.53 348.3 [1.173, -1.0, 0.429, 0.477, 0.73, 0.8, 0.234, 0.207, 0.189, 0.101, 0.115, 0.241, 0.244, 0.273, 0.272, 0.383]
28.72 348.6 [1.192, 1.383, 0.45, 0.494, 0.743, 0.803, 0.247, 0.201, 0.156, 0.089, 0.115, 0.26, 0.254, 0.265, 0.253, 0.4]
28.94 348.1 [1.223, 1.378, 0.406, 0.522, 0.718, 0.804, 0.23, 0.203, 0.152, 0.114, 0.119, 0.26, 0.263, 0.273, 0.253, 0.402]
29.13 350.1 [1.227, 1.396, 0.4, 0.688, 0.707, 0.815, 0.218, 0.241, 0.152, 0.102, 0.117, 0.259, 0.238, 0.238, 0.253, 0.435]
29.32 352.1 [1.315, 1.371, 0.411, 0.698, 0.733, 0.816, 0.2, 0.219, 0.168, 0.097, 0.132, 0.263, 0.24, 0.287, 0.258, 0.42]
29.51 351.5 [1.357, 1.381, 0.421, 0.69, 0.749, 0.811, 0.208, 0.21, 0.148, 0.104, 0.133, 0.262, 0.26, 0.276, 0.248, 0.437]
29.7 350.1 [1.342, 1.419, 0.438, 0.719, 0.784, 0.798, 0.211, 0.211, 0.151, 0.097, 0.128, 0.28, 0.231, 0.255, 0.25, 0.467]
29.89 355.7 [1.339, -1.0, 0.43, 0.716, 0.753, 0.811, 0.219, 0.196, 0.136, 0.097, 0.178, 0.262, 0.253, 0.257, 0.267, 0.548]
30.08 355.5 [1.314, 1.455, 0.436, 0.713, 0.792, 0.827, 0.214, 0.219, 0.137, 0.103, 0.195, 0.257, 0.251, 0.259, 0.242, 0.547]
30.3 358.1 [-1.0, 0.615, 0.436, 0.733, 0.806, 0.806, 0.187, 0.22, 0.149, 0.113, 0.208, 0.262, 0.248, 0.259, 0.263, 0.538]
30.49 359.9 [1.307, 0.601, 0.456, 0.726, 0.802, 0.853, 0.213, 0.187, 0.129, 0.107, 0.237, 0.272, 0.276, 0.258, 0.241, 0.572]
30.68 358.3 [1.322, 0.591, 0.452, 0.756, 0.82, 0.884, 0.194, 0.197, 0.119, 0.086, 0.234, 0.255, 0.257, 0.256, 0.272, 0.563]
30.87 357.5 [1.345, 0.571, 0.467, 0.797, 0.815, 0.909, 0.19, 0.193, 0.131, 0.104, 0.229, 0.256, 0.277, 0.257, 0.285, 0.588]
31.06 1.7 [1.338, 0.567, 0.437, 0.795, 0.829, 0.88, 0.216, 0.19, 0.118, 0.101, 0.225, 0.243, 0.256, 0.233, 0.279, 0.602]
31.25 2.2 [1.379, 0.592, 0.459, 0.788, 0.812, 0.888, 0.192, 0.213, 0.119, 0.1, 0.237, 0.257, 0.276, 0.256, 0.277, 0.609]
31.44 2.1 [1.378, 0.586, 0.442, 0.779, 0.827, 0.869, 0.198, 0.218, 0.123, 0.105, 0.237, 0.254, 0.241, 0.268, 0.275, 0.633]
31.63 3.1 [1.395, 0.565, 0.464, 0.791, 0.803, 0.891, 0.183, 0.22, 0.102, 0.097, 0.224, 0.242, 0.258, 0.254, 0.304, 0.627]
31.82 4.6 [1.409, 0.57, 0.474, 0.764, 0.813, 0.88, 0.207, 0.202, 0.118, 0.095, 0.248, 0.239, 0.265, 0.239, 0.331, 0.895]
32.01 7.1 [1.411, 0.553, 0.467, 0.74, 0.822, 0.875, 0.214, 0.2, 0.113, 0.094, 0.23, 0.264, 0.283, 0.262, 0.343, 0.928]
32.2 7.3 [1.403, 0.541, 0.469, 0.757, 0.807, 0.281, 0.19, 0.18, 0.092, 0.101, 0.242, 0.248, 0.263, 0.238, 0.338, 0.935]
32.39 9.4 [1.394, 0.573, 0.473, 0.741, 0.814, 0.233, 0.217, 0.182, 0.084, 0.108, 0.253, 0.244, 0.26, 0.241, 0.361, 1.135]
32.58 8.7 [1.367, 0.421, 0.484, 0.74, 0.812, 0.238, 0.207, 0.179, 0.097, 0.12, 0.255, 0.252, 0.259, 0.249, 0.385, 1.169]
32.77 6.7 [1.366, 0.417, 0.474, 0.736, 0.797, 0.237, 0.21, 0.17, 0.111, 0.099, 0.272, 0.246, 0.283, 0.261, 0.405, 1.186]
32.97 13.3 [1.371, 0.423, 0.522, 0.726, 0.8, 0.216, 0.214, 0.169, 0.104, 0.129, 0.258, 0.239, 0.276, 0.242, 0.405, 1.21]
33.16 15.7 [1.368, 0.417, 0.686, 0.745, 0.814, 0.21, 0.194, 0.147, 0.097, 0.11, 0.277, 0.242, 0.274, 0.255, 0.424, 1.238]
33.35 11.6 [1.405, 0.412, 0.692, 0.755, 0.801, 0.217, 0.219, 0.152, 0.106, 0.125, 0.25, 0.241, 0.286, 0.253, 0.424, 1.281]
33.54 19.0 [1.398, 0.412, 0.693, 0.747, 0.801, 0.201, 0.201, 0.153, 0.105, 0.116, 0.269, 0.228, 0.268, 0.242, 0.439, 1.354]
33.73 16.9 [1.414, 0.417, 0.712, 0.761, 0.803, 0.205, 0.206, 0.152, 0.067, 0.144, 0.271, -1.0, 0.27, 0.261, 0.44, 1.364]
33.92 17.5 [1.452, 0.439, 0.7, 0.767, 0.795, 0.185, 0.199, 0.135, 0.106, 0.155, 0.269, 0.246, 0.268, 0.244, 0.517, 1.334]
34.11 19.9 [1.437, 0.43, 0.726, 0.776, 0.809, 0.215, 0.199, 0.139, 0.084, 0.18, 0.261, 0.244, 0.267, 0.254, 0.537, 1.324]
34.3 16.8 [0.603, 0.433, 0.72, 0.783, 0.803, 0.196, 0.196, 0.128, 0.104, 0.221, 0.26, 0.248, 0.259, 0.263, 0.549, 1.314]
34.49 24.0 [0.602, 0.439, 0.728, 0.803, 0.86, 0.2, 0.183, 0.126, 0.083, 0.204, 0.247, 0.263, 0.249, 0.252, 0.567, 1.307]
34.68 20.0 [0.601, 0.452, 0.748, 0.792, 0.852, 0.208, 0.214, 0.127, 0.104, 0.196, 0.258, 0.25, 0.267, 0.241, 0.551, 1.322]
34.87 23.7 [-1.0, 0.482, 0.81, 0.811, 0.883, 0.194, 0.195, 0.131, 0.097, 0.209, 0.259, 0.282, 0.238, 0.269, 0.583, 1.311]
35.06 24.3 [0.61, 0.466, 0.787, 0.826, 0.907, 0.219, 0.202, 0.113, 0.105, 0.231, 0.259, 0.261, 0.261, 0.283, 0.587, 1.328]
35.25 18.8 [0.569, 0.453, 0.796, 0.82, 0.896, 0.189, 0.191, 0.12, 0.101, 0.225, 0.226, 0.27, 0.268, 0.266, 0.594, 1.365]
35.44 22.6 [0.573, 0.462, 0.772, 0.817, 0.888, 0.202, 0.205, 0.116, 0.106, 0.237, 0.248, 0.256, 0.235, 0.281, 0.604, 1.39]
35.66 22.9 [0.57, 0.465, 0.781, 0.827, 0.88, 0.208, 0.175, 0.099, 0.078, 0.231, 0.255, 0.287, 0.26, 0.275, 0.625, 1.384]
35.85 26.4 [0.579, 0.461, 0.755, 0.808, 0.889, 0.209, 0.195, 0.109, 0.107, 0.223, 0.256, 0.265, 0.258, 0.315, 0.873, 1.397]
36.04 26.8 [0.561, 0.479, 0.743, 0.797, 0.888, 0.208, 0.196, 0.11, 0.091, 0.251, 0.233, 0.26, 0.262, 0.344, -1.0, 1.407]
36.23 30.4 [0.572, 0.474, 0.74, 0.809, 0.279, 0.202, 0.174, 0.095, 0.086, 0.23, 0.252, 0.259, 0.25, 0.36, 0.939, 1.39]
36.42 34.1 [0.569, 0.466, 0.748, 0.809, 0.256, 0.194, 0.18, 0.102, 0.105, 0.23, 0.251, 0.26, 0.25, 0.372, 1.115, 1.395]
36.61 32.0 [0.452, 0.477, 0.74, 0.792, 0.215, 0.208, 0.162, 0.101, 0.111, 0.25, 0.234, 0.254, 0.254, 0.381, 1.162, 1.38]
36.8 30.6 [0.421, 0.496, 0.75, 0.811, 0.236, 0.191, 0.177, 0.104, 0.102, 0.269, 0.241, 0.256, 0.253, 0.37, 1.191, 1.37]
36.99 32.0 [0.418, 0.514, 0.732, 0.786, 0.229, 0.206, 0.176, 0.105, 0.114, 0.255, 0.263, 0.27, 0.253, 0.403, 1.203, 1.385]
37.19 34.4 [0.404, 0.676, 0.732, 0.814, 0.212, 0.209, 0.152, 0.092, 0.138, 0.266, 0.261, 0.265, 0.258, 0.41, 1.242, 1.374]
37.38 40.4 [0.398, 0.696, 0.748, 0.806, 0.206, 0.214, 0.155, 0.109, 0.134, 0.26, 0.243, 0.274, 0.252, 0.426, 1.271, 1.393]
37.57 39.1 [0.412, 0.716, 0.738, 0.798, 0.213, 0.206, 0.157, 0.107, 0.132, 0.273, 0.232, 0.271, 0.263, 0.433, 1.372, 1.402]
37.76 35.5 [0.419, 0.714, 0.748, 0.807, 0.209, 0.197, 0.127, 0.102, 0.122, 0.292, 0.243, 0.29, 0.261, 0.454, 1.369, 1.398]
37.95 39.2 [0.444, 0.713, 0.767, 0.8, 0.201, 0.204, 0.132, 0.094, 0.152, 0.27, 0.242, 0.272, 0.238, 0.482, 1.341, 1.436]
38.14 42.8 [0.428, 0.721, 0.791, 0.802, 0.207, 0.217, 0.135, 0.096, 0.196, 0.267, 0.251, 0.289, 0.238, 0.533, 1.341, 1.431]
38.35 41.2 [0.463, 0.712, 0.786, 0.804, 0.216, 0.193, 0.135, 0.098, 0.215, 0.273, 0.242, 0.264, 0.241, 0.549, 1.317, 0.619]
38.55 39.1 [0.447, 0.749, 0.785, 0.844, 0.197, 0.201, 0.136, 0.084, 0.196, 0.244, 0.259, 0.281, 0.256, 0.574, 1.314, 0.61]
38.74 42.1 [0.437, 0.745, 0.816, 0.874, 0.219, 0.202, 0.123, 0.083, 0.217, 0.238, 0.264, 0.254, 0.268, 0.586, 1.327, 0.593]
38.93 45.3 [0.454, 0.777, 0.806, 0.873, 0.198, 0.209, 0.13, 0.085, 0.21, 0.27, 0.258, 0.254, 0.283, 0.589, 1.319, 0.597]
39.12 47.2 [0.461, 0.787, 0.818, 0.894, 0.192, 0.193, 0.111, 0.088, 0.217, 0.228, 0.27, 0.247, 0.28, 0.609, 1.335, 0.585]
39.31 46.2 [0.45, 0.795, 0.833, 0.904, 0.217, 0.19, 0.105, 0.092, 0.225, 0.248, 0.254, 0.252, 0.281, 0.593, 1.345, 0.578]
39.5 51.8 [0.438, 0.789, 0.827, 0.895, 0.221, 0.201, 0.108, 0.081, 0.212, 0.243, 0.265, 0.259, 0.266, 0.622, 1.372, 0.58]
39.69 46.7 [0.476, 0.79, 0.819, 0.885, 0.203, 0.203, 0.121, 0.096, 0.239, 0.249, 0.261, 0.262, 0.286, 0.629, 1.399, 0.571]
39.88 49.8 [0.461, 0.749, 0.82, 0.866, 0.187, 0.204, 0.108, 0.105, 0.246, 0.249, 0.26, 0.256, 0.325, 0.87, 1.38, 0.559]
40.07 51.6 [0.456, 0.769, 0.804, 0.865, 0.204, 0.197, 0.1, 0.105, 0.246, 0.24, 0.254, 0.225, 0.331, 0.895, 1.39, 0.579]
40.26 52.6 [0.463, 0.757, 0.796, 0.28, 0.207, 0.184, 0.113, 0.106, 0.243, 0.25, 0.259, 0.251, 0.357, 0.933, 1.399, 0.565]
40.45 55.2 [0.461, 0.73, 0.817, 0.251, 0.195, 0.189, 0.11, 0.1, 0.245, 0.255, 0.257, 0.238, 0.389, 0.983, 1.376, 0.562]
40.64 56.6 [0.478, 0.729, 0.815, 0.248, 0.213, 0.181, 0.091, 0.075, 0.252, 0.261, 0.269, 0.255, 0.388, 1.153, 1.355, 0.445]
40.83 52.5 [0.487, 0.738, 0.826, 0.212, 0.202, 0.164, 0.115, 0.095, 0.256, 0.233, 0.263, 0.249, 0.377, 1.184, 1.37, 0.44]
41.02 55.5 [0.505, -1.0, 0.794, 0.223, 0.209, 0.162, 0.083, 0.098, 0.234, 0.25, 0.269, 0.258, 0.399, 1.215, 1.38, 0.418]
41.21 56.9 [0.669, 0.738, 0.803, 0.216, 0.225, 0.145, 0.094, 0.12, -1.0, 0.225, 0.265, 0.239, 0.412, 1.222, 1.379, 0.404]
41.41 59.8 [0.697, 0.753, 0.806, 0.219, 0.194, 0.154, 0.098, 0.118, 0.275, 0.246, 0.263, 0.261, 0.425, 1.256, 1.375, 0.401]
41.6 58.9 [0.691, 0.747, 0.792, -1.0, 0.199, 0.153, 0.103, 0.123, 0.275, 0.256, 0.265, 0.223, 0.434, 1.387, 1.387, 0.426]
41.81 60.4 [0.701, 0.76, 0.8, 0.186, 0.206, 0.148, 0.103, 0.148, 0.258, 0.235, 0.266, 0.265, 0.431, 1.357, 1.388, 0.429]
42.0 61.4 [0.71, 0.781, 0.8, 0.207, 0.2, 0.131, 0.103, 0.129, 0.266, 0.238, 0.26, 0.25, 0.477, 1.345, 1.436, 0.447]
42.19 65.0 [0.709, 0.777, 0.809, 0.211, 0.194, 0.155, 0.111, 0.173, 0.264, 0.262, 0.266, 0.272, 0.516, 1.339, 1.446, 0.447]
42.38 58.3 [0.705, 0.78, 0.819, 0.213, 0.208, 0.112, 0.094, 0.206, 0.266, 0.268, 0.25, 0.25, 0.552, 1.321, 0.849, 0.462]
42.57 66.8 [0.731, 0.803, 0.821, 0.195, 0.202, 0.118, 0.102, 0.215, 0.262, 0.243, 0.262, 0.257, 0.565, 1.32, 0.602, 0.46]
42.77 68.2 [0.76, 0.803, 0.869, 0.183, 0.201, 0.136, 0.083, 0.215, 0.251, 0.257, 0.256, 0.256, 0.587, 1.332, 0.625, 0.445]
42.96 63.0 [0.766, 0.813, 0.881, 0.211, 0.207, 0.127, -1.0, 0.243, 0.27, 0.244, 0.251, 0.267, 0.591, 1.318, 0.576, 0.44]
43.15 67.6 [0.793, 0.836, 0.888, 0.203, 0.213, 0.115, 0.096, 0.219, 0.252, 0.255, 0.253, 0.258, 0.584, 1.33, 0.591, 0.451]
43.34 67.7 [0.799, 0.823, 0.907, 0.195, 0.196, 0.117, 0.09, 0.224, 0.252, 0.255, 0.248, 0.297, 0.598, 1.351, 0.579, 0.456]
43.53 67.6 [0.792, 0.828, 0.9, 0.202, 0.202, 0.107, 0.086, 0.224, 0.243, 0.259, 0.241, 0.26, 0.594, 1.363, 0.591, 0.457]
43.72 68.0 [0.757, 0.797, 0.896, 0.206, 0.189, 0.115, 0.09, 0.235, 0.239, 0.272, 0.272, 0.283, 0.621, 1.398, 0.586, 0.452]
43.91 71.9 [0.747, 0.813, 0.882, 0.197, 0.21, 0.119, 0.107, 0.225, 0.249, 0.271, 0.259, 0.307, 0.669, 1.417, 0.575, 0.477]
44.1 70.3 [0.775, 0.812, 0.87, 0.2, 0.205, 0.115, 0.099, 0.254, 0.243, 0.278, 0.263, 0.311, 0.914, 1.408, 0.584, 0.454]
44.29 72.7 [0.748, 0.804, 0.313, 0.202, 0.19, 0.111, 0.093, 0.243, 0.245, 0.271, 0.262, 0.344, 0.913, 1.388, 0.571, 0.456]
44.48 75.2 [0.748, 0.801, 0.253, 0.194, 0.191, 0.1, 0.103, 0.255, 0.243, 0.254, 0.261, 0.351, 0.973, 1.384, 0.552, 0.479]
44.67 75.0 [0.74, 0.806, 0.241, 0.208, 0.177, 0.109, 0.112, 0.242, 0.231, 0.269, 0.261, 0.386, 1.141, 1.372, 0.447, 0.478]
44.86 77.8 [0.731, 0.797, 0.229, 0.196, 0.173, 0.097, 0.117, 0.24, 0.24, 0.274, 0.27, 0.396, 1.181, 1.378, 0.425, 0.468]
45.05 77.5 [0.742, 0.805, 0.213, 0.213, 0.169, 0.104, 0.121, 0.259, 0.239, 0.26, 0.237, 0.395, 1.194, 1.369, 0.42, 0.511]
45.24 78.3 [0.744, 0.795, 0.204, 0.192, 0.152, 0.11, 0.133, 0.245, 0.254, 0.26, 0.256, 0.394, -1.0, 1.385, 0.425, 0.522]
45.43 81.5 [0.744, -1.0, 0.213, 0.19, 0.162, 0.092, 0.115, 0.258, 0.243, 0.248, 0.251, 0.42, 1.248, 1.37, 0.412, 0.672]
45.63 77.5 [0.752, 0.798, 0.211, 0.205, 0.155, 0.093, 0.126, 0.266, 0.235, 0.253, 0.229, 0.42, 1.309, 1.394, 0.414, 0.706]
45.82 80.8 [0.742, 0.785, 0.212, 0.199, 0.146, 0.102, 0.135, 0.283, 0.259, 0.293, 0.258, 0.426, 1.367, 1.405, 0.429, 0.709]
46.01 82.6 [0.748, 0.807, 0.202, 0.195, 0.135, 0.115, 0.135, 0.269, 0.255, 0.26, 0.242, 0.463, 1.357, 1.436, 0.439, 0.708]
46.2 82.5 [0.767, 0.804, 0.184, 0.206, 0.156, 0.1, 0.163, 0.28, 0.247, 0.265, 0.241, 0.527, 1.34, 1.451, 0.441, 0.704]
46.39 89.2 [0.787, 0.81, 0.196, 0.215, 0.145, 0.107, 0.209, 0.267, 0.238, 0.269, 0.241, 0.545, 1.309, 1.467, 0.426, 0.712]
46.58 83.6 [0.783, 0.808, 0.193, 0.209, 0.138, 0.109, 0.212, 0.265, 0.24, 0.269, 0.253, 0.541, 1.305, 0.59, -1.0, 0.733]
46.77 86.6 [0.792, 0.833, 0.21, 0.174, 0.138, 0.115, 0.212, 0.267, 0.259, 0.267, 0.263, 0.57, 1.315, 0.588, 0.455, 0.735]
46.96 89.8 [0.798, 0.874, 0.205, 0.209, 0.127, 0.092, 0.224, 0.262, 0.253, -1.0, 0.276, 0.575, 1.32, 0.594, 0.451, 0.742]
47.15 88.9 [0.814, 0.885, 0.183, 0.204, 0.121, 0.101, 0.23, 0.244, 0.241, 0.267, 0.289, 0.578, 1.326, 0.6, 0.452, 0.801]
47.34 90.8 [0.821, 0.893, 0.208, 0.217, 0.142, 0.105, 0.233, 0.243, 0.264, 0.245, 0.286, 0.584, 1.335, 0.576, 0.452, 0.802]
47.53 92.6 [0.808, 0.906, 0.195, 0.19, 0.117, 0.087, 0.212, 0.241, 0.254, 0.247, 0.291, 0.617, 1.375, 0.591, 0.465, 0.784]
47.72 94.0 [0.814, 0.898, 0.2, 0.191, 0.083, 0.094, 0.235, 0.249, 0.265, 0.261, 0.301, 0.604, 1.39, 0.595, 0.453, 0.791]
47.91 92.4 [0.817, -1.0, 0.199, 0.208, 0.126, 0.096, 0.222, 0.252, 0.258, 0.248, 0.303, 0.638, 1.406, 0.572, 0.457, 0.779]
48.1 99.2 [0.814, 0.892, 0.202, 0.198, 0.132, 0.094, 0.236, 0.232, 0.268, 0.248, 0.333, 0.866, 1.41, 0.577, 0.478, 0.753]
48.29 91.4 [0.81, 0.872, 0.19, 0.183, 0.114, 0.101, 0.231, 0.255, 0.262, 0.249, 0.336, 0.914, 1.381, 0.563, 0.48, 0.75]
48.49 97.1 [0.802, 0.263, 0.205, -1.0, 0.106, 0.099, 0.246, 0.251, -1.0, 0.245, 0.347, 0.937, 1.381, 0.553, 0.465, 0.739]
48.68 98.8 [0.805, 0.254, 0.218, 0.193, 0.12, 0.113, 0.24, 0.246, 0.261, 0.252, 0.368, 1.124, 1.394, 0.562, 0.466, 0.738]
48.87 99.5 [0.792, 0.249, 0.197, 0.163, 0.114, 0.114, 0.232, 0.247, 0.256, 0.253, 0.381, 1.146, 1.375, 0.429, 0.468, 0.729]
49.06 101.0 [0.794, 0.207, 0.216, 0.173, 0.111, 0.105, 0.252, 0.257, 0.255, 0.27, 0.404, 1.188, 1.4, 0.431, 0.479, 0.722]
49.25 102.9 [0.817, 0.235, 0.211, 0.162, 0.103, 0.141, 0.268, 0.251, 0.271, 0.241, 0.395, 1.202, 1.369, 0.41, 0.512, 0.726]
49.44 99.3 [0.811, 0.228, 0.201, 0.17, 0.098, 0.131, -1.0, 0.231, 0.257, 0.261, 0.424, 1.224, 1.39, 0.401, 0.685, 0.737]
49.63 102.7 [0.8, 0.212, 0.208, 0.16, 0.08, 0.135, 0.259, 0.254, 0.264, 0.261, 0.423, 1.27, 1.379, 0.409, 0.685, 0.723]
49.82 107.6 [0.791, 0.213, 0.194, 0.149, 0.093, 0.129, 0.262, 0.252, 0.287, 0.247, 0.42, 1.373, 1.403, 0.439, 0.689, 0.753]
50.01 104.6 [0.804, 0.197, 0.209, 0.146, 0.09, 0.149, 0.282, 0.252, 0.266, 0.243, 0.458, 1.365, 1.417, 0.425, 0.701, 0.757]
