   0.6 d4=345.8 d9=69917 tick=684913 goal=0 here=0 blobs=[(1.7, 100), (2.23, 100), (2.23, 100), (2.23, 100), (2.22, 100), (2.22, 100), (1.73, 102), (2.19, 102)]
   1.2 d4=355.6 d9=69935 tick=684980 goal=0 here=0 blobs=[(1.71, 88), (2.22, 88), (2.21, 88), (2.21, 88), (2.22, 88), (2.22, 88), (1.72, 90), (2.21, 90)]
   1.9 d4=359.1 d9=69958  blobs=[(1.73, 82), (2.21, 82), (2.21, 82), (2.21, 82), (2.24, 82), (2.21, 82), (1.72, 84), (2.19, 84)]
   2.6 d4=6.8 d9=69975 tick=685118 goal=0 here=0 blobs=[(1.73, 80), (2.22, 80), (2.23, 80), (2.22, 80), (2.23, 80), (2.23, 80), (1.72, 82), (2.2, 82)]
   3.3 d4=4.5 d9=69997  blobs=[(1.72, 82), (2.21, 82), (2.22, 82), (2.22, 82), (2.23, 82), (2.21, 82), (1.73, 84), (2.19, 84)]
   3.9 d4=1.1 d9=70016 tick=685250 goal=0 here=0 blobs=[(1.72, 82), (2.2, 82), (2.21, 82), (2.21, 82), (2.2, 82), (2.21, 82), (1.71, 84), (2.2, 84)]
   4.6 d4=359.1 d9=70036  blobs=[(1.71, 82), (2.2, 82), (2.19, 82), (2.2, 82), (2.2, 82), (2.21, 82), (1.7, 84), (2.17, 84)]
   5.3 d4=7.1 d9=70056  blobs=[(1.71, 80), (2.21, 80), (2.22, 80), (2.22, 80), (2.2, 80), (2.21, 80), (1.73, 82), (2.2, 82)]
   5.9 d4=4.3 d9=70076  blobs=[(1.73, 84), (2.17, 84), (2.2, 84), (2.18, 84), (2.18, 84), (2.2, 84), (1.72, 86), (2.21, 86)]
   6.6 d4=3.7 d9=70094 tick=685518 goal=0 here=0 blobs=[(1.73, 84), (2.18, 84), (2.2, 84), (2.19, 84), (2.2, 84), (2.2, 84), (1.73, 86), (2.21, 86)]
   7.3 d4=3.1 d9=70114 tick=685585 goal=0 here=0 blobs=[(1.7, 84), (2.19, 84), (2.21, 84), (2.2, 84), (2.19, 84), (2.22, 84), (1.7, 86), (2.19, 86)]
   8.0 d4=3.1 d9=70133  blobs=[(1.71, 84), (2.19, 84), (2.19, 84), (2.19, 84), (2.19, 84), (2.2, 84), (1.7, 86), (2.22, 86)]
   8.6 d4=359.5 d9=70153  blobs=[(1.71, 84), (2.19, 84), (2.21, 84), (2.19, 84), (2.19, 84), (2.2, 84), (1.72, 86), (2.2, 86)]
   9.3 d4=5.3 d9=70174  blobs=[(1.72, 84), (2.18, 84), (2.18, 84), (2.18, 84), (2.19, 84), (2.18, 84), (1.71, 86), (2.2, 86)]
  10.0 d4=6.0 d9=70193 tick=685852 goal=0 here=0 blobs=[(1.7, 84), (2.19, 84), (2.19, 84), (2.17, 84), (2.19, 84), (2.17, 84), (1.71, 86), (2.21, 86)]
  10.6 d4=3.4 d9=70212 tick=685917 goal=0 here=0 blobs=[(1.71, 84), (2.16, 84), (2.19, 84), (2.18, 84), (2.18, 84), (2.19, 84), (1.71, 86), (2.2, 86)]
  11.3 d4=4.6 d9=70234  blobs=[(1.69, 84), (2.2, 84), (2.22, 84), (2.2, 84), (2.2, 84), (2.2, 84), (1.71, 86), (2.18, 86)]
  12.0 d4=2.5 d9=70254 tick=686052 goal=0 here=0 blobs=[(1.72, 86), (2.18, 86), (2.18, 86), (2.2, 86), (2.2, 86), (2.19, 86), (1.73, 88), (2.19, 88)]
  12.6 d4=5.1 d9=70273  blobs=[(1.73, 84), (2.22, 84), (2.2, 84), (2.19, 84), (2.19, 84), (2.2, 84), (1.72, 86), (2.18, 86)]
  13.3 d4=2.3 d9=70292  blobs=[(1.71, 86), (2.18, 86), (2.17, 86), (2.18, 86), (2.19, 86), (2.19, 86), (1.71, 88), (2.21, 88)]
  13.9 d4=1.8 d9=70312 tick=686248 goal=0 here=0 blobs=[(1.71, 84), (2.2, 84), (2.19, 84), (2.19, 84), (2.19, 84), (2.19, 84), (1.71, 86), (2.18, 86)]
  14.6 d4=358.1 d9=70330  blobs=[(1.71, 84), (2.19, 84), (2.21, 84), (2.18, 84), (2.2, 84), (2.2, 84), (1.7, 86), (2.2, 86)]
  15.2 d4=0.7 d9=70349  blobs=[(1.71, 84), (2.21, 84), (2.19, 84), (2.18, 84), (2.22, 84), (2.19, 84), (1.7, 86), (2.21, 86)]
  15.9 d4=2.8 d9=70369 tick=686448 goal=0 here=0 blobs=[(1.73, 84), (2.21, 84), (2.18, 84), (2.18, 84), (2.17, 84), (2.19, 84), (1.7, 86), (2.2, 86)]
  16.6 d4=5.0 d9=70390  blobs=[(1.69, 86), (2.18, 86), (2.2, 86), (2.19, 86), (2.19, 86), (2.19, 86), (1.71, 88), (2.21, 88)]
  17.2 d4=4.4 d9=70409 tick=686581 goal=0 here=0 blobs=[(1.72, 84), (2.21, 84), (2.2, 84), (2.2, 84), (2.2, 84), (2.2, 84), (2.2, 86), (2.2, 86)]
  17.9 d4=0.7 d9=70429 tick=686650 goal=0 here=0 blobs=[(1.71, 86), (2.17, 86), (2.17, 86), (2.19, 86), (2.17, 86), (2.21, 86), (1.71, 88), (2.21, 88)]
  18.6 d4=4.4 d9=70448 tick=686715 goal=0 here=0 blobs=[(1.72, 84), (2.2, 84), (2.19, 84), (2.19, 84), (2.19, 84), (2.19, 84), (1.73, 86), (2.2, 86)]
  19.3 d4=5.3 d9=70468  blobs=[(1.71, 84), (2.18, 84), (2.18, 84), (2.18, 84), (2.2, 84), (2.2, 84), (1.72, 86), (2.2, 86)]
  19.9 d4=2.6 d9=70489 tick=686849 goal=0 here=0 blobs=[(1.71, 86), (2.21, 86), (2.2, 86), (2.19, 86), (2.2, 86), (2.2, 86), (1.71, 88), (2.23, 88)]
  20.6 d4=4.9 d9=70508 tick=686916 goal=0 here=0 blobs=[(1.71, 86), (2.19, 86), (2.17, 86), (2.2, 86), (2.19, 86), (2.18, 86), (1.72, 88), (2.19, 88)]
  21.3 d4=6.2 d9=70527 tick=686983 goal=0 here=0 blobs=[(1.72, 84), (2.19, 84), (2.21, 84), (2.19, 84), (2.2, 84), (2.18, 84), (1.71, 86), (2.17, 86)]
  21.9 d4=0.4 d9=70547 tick=687049 goal=0 here=0 blobs=[(1.72, 86), (2.19, 86), (2.2, 86), (2.19, 86), (2.19, 86), (2.19, 86), (1.73, 88), (2.19, 88)]
  22.6 d4=4.0 d9=70568  blobs=[(1.72, 86), (2.18, 86), (2.18, 86), (2.18, 86), (2.18, 86), (2.17, 86), (1.71, 88), (2.22, 88)]
  23.3 d4=5.9 d9=70585 tick=687181 goal=0 here=0 blobs=[(1.71, 84), (2.19, 84), (2.19, 84), (2.18, 84), (2.2, 84), (2.18, 84), (1.7, 86), (2.18, 86)]
  23.9 d4=0.3 d9=70606 tick=687249 goal=0 here=0 blobs=[(1.69, 86), (2.19, 86), (2.18, 86), (2.18, 86), (2.2, 86), (2.2, 86), (1.71, 88), (2.23, 88)]
  24.6 d4=0.1 d9=70626  blobs=[(1.71, 86), (2.19, 86), (2.19, 86), (2.18, 86), (2.2, 86), (1.72, 88), (2.21, 88), (2.22, 88)]
  25.3 d4=6.4 d9=70645 tick=687379 goal=0 here=0 blobs=[(1.7, 84), (2.18, 84), (2.18, 84), (2.19, 84), (2.18, 84), (2.19, 84), (1.7, 86), (2.19, 86)]
  25.9 d4=6.0 d9=70667 tick=687450 goal=0 here=0 blobs=[(1.72, 84), (2.18, 84), (2.2, 84), (2.2, 84), (2.21, 84), (2.19, 84), (1.72, 86), (2.18, 86)]
  26.6 d4=3.6 d9=70685 tick=687517 goal=0 here=0 blobs=[(1.72, 86), (2.17, 86), (2.16, 86), (2.19, 86), (2.17, 86), (2.18, 86), (1.69, 88), (2.2, 88)]
  27.3 d4=4.1 d9=70706 tick=687582 goal=0 here=0 blobs=[(1.73, 86), (2.2, 86), (2.18, 86), (2.22, 86), (2.19, 86), (2.22, 86), (1.73, 88), (2.19, 88)]
  27.9 d4=3.1 d9=70724 tick=687649 goal=0 here=0 blobs=[(1.71, 86), (2.2, 86), (2.18, 86), (2.19, 86), (2.21, 86), (2.2, 86), (1.7, 88), (2.21, 88)]
  28.6 d4=4.3 d9=70744  blobs=[(1.7, 86), (2.19, 86), (2.18, 86), (2.18, 86), (2.2, 86), (2.18, 86), (1.69, 88), (2.2, 88)]
  29.3 d4=0.0 d9=70766 tick=687784 goal=0 here=0 blobs=[(1.73, 84), (2.2, 84), (2.19, 84), (2.2, 84), (2.19, 84), (2.19, 84), (1.71, 86), (2.18, 86)]
  30.0 d4=4.7 d9=70785 tick=687851 goal=0 here=0 blobs=[(1.71, 84), (2.18, 84), (2.2, 84), (2.18, 84), (2.19, 84), (2.18, 84), (1.72, 86), (2.18, 86)]
  30.6 d4=4.6 d9=70806 tick=687919 goal=0 here=0 blobs=[(1.72, 84), (2.17, 84), (2.19, 84), (2.18, 84), (2.19, 84), (2.19, 84), (1.73, 86), (2.2, 86)]
  31.3 d4=4.2 d9=70824  blobs=[(1.73, 84), (2.2, 84), (2.19, 84), (2.2, 84), (2.2, 84), (2.21, 84), (1.72, 86), (2.2, 86)]
  32.0 d4=3.8 d9=70843 tick=688051 goal=0 here=0 blobs=[(1.7, 84), (2.19, 84), (2.2, 84), (2.19, 84), (2.19, 84), (2.2, 84), (1.72, 86), (2.19, 86)]
  32.6 d4=6.5 d9=70863  blobs=[(1.7, 86), (2.19, 86), (2.18, 86), (2.18, 86), (2.17, 86), (2.18, 86), (1.7, 88), (2.2, 88)]
  33.3 d4=1.5 d9=70883 tick=688181 goal=0 here=0 blobs=[(1.71, 86), (2.17, 86), (2.2, 86), (2.19, 86), (2.19, 86), (2.19, 86), (1.71, 88), (2.21, 88)]
  33.9 d4=4.3 d9=70903  blobs=[(1.7, 84), (2.17, 84), (2.17, 84), (2.15, 84), (2.16, 84), (2.17, 84), (1.7, 86), (2.2, 86)]
  34.6 d4=2.1 d9=70920  blobs=[(1.73, 86), (2.2, 86), (2.18, 86), (2.18, 86), (2.19, 86), (2.17, 86), (1.71, 88), (2.22, 88)]
  35.3 d4=4.9 d9=70943 tick=688382 goal=0 here=0 blobs=[(1.72, 86), (2.19, 86), (2.19, 86), (2.18, 86), (2.17, 86), (2.21, 86), (1.71, 88), (2.2, 88)]
  35.9 d4=0.2 d9=70962  blobs=[(1.7, 84), (2.19, 84), (2.2, 84), (2.19, 84), (2.2, 84), (2.19, 84), (1.71, 86), (2.2, 86)]
  36.6 d4=3.5 d9=70981 tick=688517 goal=0 here=0 blobs=[(1.71, 84), (2.18, 84), (2.19, 84), (2.2, 84), (2.19, 84), (2.19, 84), (1.7, 86), (2.2, 86)]
  37.3 d4=4.8 d9=71001  blobs=[(1.74, 84), (2.2, 84), (2.19, 84), (2.18, 84), (2.2, 84), (2.19, 84), (1.72, 86), (2.19, 86)]
  38.0 d4=5.7 d9=71021  blobs=[(1.72, 86), (2.18, 86), (2.19, 86), (2.18, 86), (2.19, 86), (2.19, 86), (1.7, 88), (2.22, 88)]
  38.7 d4=6.8 d9=71041  blobs=[(1.71, 86), (2.18, 86), (2.19, 86), (2.18, 86), (2.19, 86), (2.18, 86), (1.71, 88), (2.2, 88)]
  39.5 d4=2.0 d9=71066 tick=688801 goal=0 here=0 blobs=[(1.72, 86), (2.2, 86), (2.15, 86), (2.2, 86), (2.2, 86), (2.18, 86), (1.7, 88), (2.21, 88)]
  40.3 d4=5.4 d9=71088 tick=688882 goal=0 here=0 blobs=[(1.74, 84), (2.19, 84), (2.19, 84), (2.18, 84), (2.19, 84), (2.18, 84), (1.71, 86), (2.17, 86)]
  41.0 d4=2.3 d9=71112  blobs=[(1.69, 86), (2.18, 86), (2.2, 86), (2.19, 86), (2.19, 86), (2.2, 86), (1.71, 88), (2.19, 88)]
  41.8 d4=1.8 d9=71134 tick=689031 goal=0 here=0 blobs=[(1.71, 86), (2.19, 86), (2.18, 86), (2.18, 86), (2.18, 86), (2.19, 86), (1.71, 88), (2.21, 88)]
  42.5 d4= d9=71157 tick=689108 goal=0 here=0 blobs=[(1.72, 84), (2.21, 84), (2.2, 84), (2.18, 84), (2.2, 84), (2.19, 84), (1.71, 86), (2.2, 86)]
  43.3 d4=7.6 d9=71180 tick=689185 goal=0 here=0 blobs=[(1.69, 82), (2.19, 82), (2.21, 82), (2.21, 82), (2.19, 82), (2.18, 82), (1.71, 84), (2.2, 84)]
  44.0 d4=3.9 d9=71202  blobs=[(1.72, 84), (2.19, 84), (2.18, 84), (2.18, 84), (2.18, 84), (2.19, 84), (1.7, 86), (2.19, 86)]
  44.8 d4=2.2 d9=71223  blobs=[(1.72, 84), (2.2, 84), (2.2, 84), (2.19, 84), (2.21, 84), (1.72, 86), (2.2, 86), (2.18, 86)]
  45.5 d4=3.1 d9=71246 tick=689409 goal=0 here=0 blobs=[(1.71, 86), (2.15, 86), (2.19, 86), (2.17, 86), (2.19, 86), (2.18, 86), (1.72, 88), (2.21, 88)]
  46.3 d4=3.5 d9=71269 tick=689490 goal=0 here=0 blobs=[(1.71, 84), (2.18, 84), (2.19, 84), (2.18, 84), (2.19, 84), (2.19, 84), (1.71, 86), (2.2, 86)]
  47.0 d4=3.2 d9=71290 tick=689560 goal=0 here=0 blobs=[(1.73, 84), (2.2, 84), (2.2, 84), (2.2, 84), (2.18, 84), (2.19, 84), (1.71, 86), (2.22, 86)]
  47.8 d4=1.3 d9=71310  blobs=[(1.73, 84), (2.19, 84), (2.18, 84), (2.19, 84), (2.2, 84), (2.17, 84), (1.7, 86), (2.22, 86)]
  48.5 d4=8.0 d9=71332 tick=689706 goal=0 here=0 blobs=[(1.73, 84), (2.19, 84), (2.19, 84), (2.19, 84), (2.2, 84), (2.2, 84), (1.71, 86), (2.19, 86)]
  49.3 d4=2.6 d9=71358 tick=689782 goal=0 here=0 blobs=[(1.72, 84), (2.2, 84), (2.19, 84), (2.19, 84), (2.17, 84), (2.2, 84), (1.7, 86), (2.2, 86)]
  50.2 d4= d9=71381 tick=689865 goal=0 here=0 blobs=[(1.72, 84), (2.17, 84), (2.18, 84), (2.17, 84), (2.19, 84), (2.17, 84), (1.71, 86), (2.22, 86)]
  50.9 d4=8.7 d9=71404 tick=689947 goal=0 here=0 blobs=[(1.74, 84), (2.19, 84), (2.2, 84), (2.18, 84), (2.19, 84), (2.17, 84), (1.69, 86), (2.21, 86)]
  51.7 d4=5.4 d9=71426 tick=690023 goal=0 here=0 blobs=[(1.72, 84), (2.19, 84), (2.18, 84), (2.18, 84), (2.21, 84), (2.17, 84), (1.7, 86), (2.22, 86)]
  52.5 d4=6.4 d9=71449 tick=690103 goal=0 here=0 blobs=[(1.72, 84), (2.19, 84), (2.19, 84), (2.18, 84), (2.2, 84), (2.19, 84), (1.7, 86), (2.2, 86)]
  53.2 d4=4.4 d9=71472 tick=690173 goal=0 here=0 blobs=[(1.71, 86), (2.18, 86), (2.19, 86), (2.19, 86), (2.18, 86), (2.16, 86), (1.72, 88), (2.21, 88)]
  53.9 d4=2.7 d9=71493  blobs=[(1.7, 84), (2.2, 84), (2.19, 84), (2.2, 84), (2.17, 84), (2.2, 84), (1.73, 86), (2.2, 86)]
  54.6 d4=4.0 d9=71516 tick=690320 goal=0 here=0 blobs=[(1.71, 86), (2.19, 86), (2.18, 86), (2.18, 86), (2.19, 86), (2.19, 86), (1.69, 88), (2.21, 88)]
  55.4 d4=4.3 d9=71538  blobs=[(1.72, 86), (2.17, 86), (2.17, 86), (2.2, 86), (2.19, 86), (2.19, 86), (1.72, 88), (2.2, 88)]
  56.1 d4=3.2 d9=71560  blobs=[(1.71, 84), (2.2, 84), (2.21, 84), (2.2, 84), (2.18, 84), (2.2, 84), (1.72, 86), (2.18, 86)]
  56.9 d4=5.3 d9=71580  blobs=[(1.7, 86), (2.2, 86), (2.18, 86), (2.18, 86), (2.19, 86), (2.17, 86), (1.72, 88), (2.22, 88)]
  57.6 d4=3.1 d9=71604 tick=690619 goal=0 here=0 blobs=[(1.71, 84), (2.21, 84), (2.19, 84), (2.2, 84), (2.21, 84), (2.19, 84), (1.72, 86), (2.17, 86)]
  58.3 d4=359.4 d9=71622 tick=690688 goal=0 here=0 blobs=[(1.72, 86), (2.19, 86), (2.19, 86), (2.17, 86), (2.19, 86), (2.17, 86), (1.73, 88), (2.21, 88)]
  59.1 d4=2.2 d9=71646 tick=690765 goal=0 here=0 blobs=[(1.7, 86), (2.2, 86), (2.18, 86), (2.18, 86), (2.19, 86), (2.2, 86), (1.72, 88), (2.21, 88)]
  59.8 d4=3.0 d9=71667 tick=690839 goal=0 here=0 blobs=[(1.72, 86), (2.19, 86), (2.18, 86), (2.17, 86), (2.19, 86), (2.19, 86), (1.73, 88), (2.21, 88)]
  60.5 d4=6.9 d9=71687  blobs=[(1.71, 84), (2.2, 84), (2.2, 84), (2.19, 84), (2.18, 84), (2.2, 84), (1.72, 86), (2.2, 86)]
  61.3 d4=3.2 d9=71711  blobs=[(1.72, 84), (2.18, 84), (2.19, 84), (2.21, 84), (2.21, 84), (2.21, 84), (1.72, 86), (2.2, 86)]
  62.0 d4=2.6 d9=71731  blobs=[(1.72, 86), (2.19, 86), (2.18, 86), (2.18, 86), (2.18, 86), (2.2, 86), (1.72, 88), (2.2, 88)]
  62.7 d4=2.6 d9=71753 tick=691126 goal=0 here=0 blobs=[(1.69, 86), (2.2, 86), (2.18, 86), (2.18, 86), (2.19, 86), (2.19, 86), (1.72, 88), (2.21, 88)]
  63.5 d4=3.5 d9= tick=691201 goal=0 here=0 blobs=[(1.72, 84), (2.19, 84), (2.18, 84), (2.19, 84), (2.18, 84), (2.17, 84), (1.69, 86), (2.21, 86)]
  64.2 d4=2.7 d9=71797 tick=691279 goal=0 here=0 blobs=[(1.72, 84), (2.18, 84), (2.22, 84), (2.19, 84), (2.21, 84), (2.19, 84), (1.72, 86), (2.21, 86)]
  64.9 d4=2.9 d9=71818  blobs=[(1.71, 84), (2.2, 84), (2.19, 84), (2.18, 84), (2.18, 84), (2.2, 84), (1.74, 86), (2.19, 86)]
  65.7 d4=4.3 d9=71839  blobs=[(1.73, 84), (2.22, 84), (2.19, 84), (2.19, 84), (2.2, 84), (2.21, 84), (1.72, 86), (2.2, 86)]
  66.4 d4=6.1 d9=71863 tick=691499 goal=0 here=0 blobs=[(1.7, 84), (2.18, 84), (2.19, 84), (2.21, 84), (2.2, 84), (2.19, 84), (1.71, 86), (2.19, 86)]
  67.2 d4=2.0 d9=  blobs=[(1.72, 86), (2.17, 86), (2.17, 86), (2.19, 86), (2.2, 86), (2.17, 86), (1.72, 88), (2.2, 88)]
  67.9 d4=4.9 d9=71907 tick=691648 goal=0 here=0 blobs=[(1.71, 86), (2.17, 86), (2.17, 86), (2.19, 86), (2.17, 86), (2.2, 86), (1.71, 88), (2.2, 88)]
  68.6 d4=4.4 d9=71928 tick=691719 goal=0 here=0 blobs=[(1.7, 86), (2.18, 86), (2.19, 86), (2.18, 86), (2.18, 86), (1.73, 88), (2.19, 88), (2.2, 88)]
  69.4 d4=6.6 d9=71949 tick=691790 goal=0 here=0 blobs=[(1.71, 84), (2.18, 84), (2.2, 84), (2.21, 84), (2.2, 84), (1.73, 86), (2.22, 86), (2.18, 86)]
  70.1 d4=7.4 d9=71973 tick=691868 goal=0 here=0 blobs=[(1.71, 84), (2.19, 84), (2.18, 84), (2.19, 84), (2.19, 84), (2.22, 84), (1.71, 86), (2.19, 86)]
  70.9 d4=1.1 d9=71994 tick=691944 goal=0 here=0 blobs=[(1.7, 86), (2.2, 86), (2.2, 86), (2.2, 86), (2.19, 86), (2.2, 86), (1.71, 88), (2.2, 88)]
  71.6 d4=3.5 d9=72015  blobs=[(1.72, 84), (2.19, 84), (2.21, 84), (2.19, 84), (2.2, 84), (2.2, 84), (1.71, 86), (2.2, 86)]
  72.3 d4=5.1 d9=72037  blobs=[(1.71, 86), (2.19, 86), (2.18, 86), (2.2, 86), (2.21, 86), (2.19, 86), (1.72, 88), (2.22, 88)]
  73.1 d4=4.2 d9=72059 tick=692164 goal=0 here=0 blobs=[(1.72, 84), (2.2, 84), (2.22, 84), (2.21, 84), (2.19, 84), (2.19, 84), (1.71, 86), (2.19, 86)]
  74.0 d4=2.5 d9=72086  blobs=[(1.7, 84), (2.18, 84), (2.19, 84), (2.22, 84), (2.2, 84), (2.2, 84), (1.73, 86), (2.19, 86)]
  74.7 d4=1.8 d9=72110 tick=692330 goal=0 here=0 blobs=[(1.72, 84), (2.2, 84), (2.17, 84), (2.18, 84), (2.19, 84), (2.18, 84), (1.71, 86), (2.22, 86)]
  75.5 d4= d9=72130  blobs=[(1.71, 86), (2.19, 86), (2.16, 86), (2.2, 86), (2.19, 86), (2.2, 86), (1.7, 88), (2.19, 88)]
  76.2 d4=1.2 d9=72152 tick=692478 goal=0 here=0 blobs=[(1.71, 86), (2.18, 86), (2.18, 86), (2.18, 86), (2.18, 86), (2.18, 86), (1.72, 88), (2.22, 88)]
  77.0 d4=4.9 d9=72175 tick=692552 goal=0 here=0 blobs=[(1.73, 84), (2.19, 84), (2.2, 84), (2.21, 84), (2.18, 84), (2.17, 84), (1.71, 86), (2.19, 86)]
  77.8 d4=4.6 d9=72199  blobs=[(1.72, 84), (2.19, 84), (2.19, 84), (2.2, 84), (2.19, 84), (2.19, 84), (1.72, 86), (2.24, 86)]
  78.6 d4=5.6 d9=72223 tick=692712 goal=0 here=0 blobs=[(1.72, 84), (2.2, 84), (2.19, 84), (2.18, 84), (2.19, 84), (2.19, 84), (1.71, 86), (2.17, 86)]
  79.4 d4=4.6 d9=72246 tick=692797 goal=0 here=0 blobs=[(1.71, 86), (2.19, 86), (2.19, 86), (2.19, 86), (2.19, 86), (2.19, 86), (1.7, 88), (2.2, 88)]
  80.2 d4=5.3 d9=72269 tick=692868 goal=0 here=0 blobs=[(1.72, 86), (2.19, 86), (2.19, 86), (2.2, 86), (2.19, 86), (1.71, 88), (2.21, 88), (2.21, 88)]
  80.9 d4=1.8 d9=72294  blobs=[(1.7, 86), (2.2, 86), (2.19, 86), (2.19, 86), (2.2, 86), (2.18, 86), (1.71, 88), (2.2, 88)]
  81.7 d4=7.6 d9=72314 tick=693026 goal=0 here=0 blobs=[(1.71, 86), (2.19, 86), (2.19, 86), (2.19, 86), (2.16, 86), (2.19, 86), (1.74, 88), (2.23, 88)]
  82.4 d4=2.2 d9=72335 tick=693096 goal=0 here=0 blobs=[(1.72, 86), (2.18, 86), (2.18, 86), (2.2, 86), (2.19, 86), (2.18, 86), (1.71, 88), (2.2, 88)]
  83.2 d4=3.9 d9=72356 tick=693169 goal=0 here=0 blobs=[(1.73, 86), (2.19, 86), (2.18, 86), (2.19, 86), (2.18, 86), (2.18, 86), (1.72, 88), (2.19, 88)]
  83.9 d4=5.3 d9=72380  blobs=[(1.71, 86), (2.2, 86), (2.2, 86), (2.18, 86), (2.18, 86), (2.19, 86), (1.72, 88), (2.23, 88)]
  84.7 d4=5.1 d9=72402 tick=693324 goal=0 here=0 blobs=[(1.71, 84), (2.19, 84), (2.18, 84), (2.18, 84), (2.19, 84), (2.18, 84), (1.72, 86), (2.19, 86)]
  85.4 d4=4.4 d9=72425 tick=693397 goal=0 here=0 blobs=[(1.72, 86), (2.19, 86), (2.21, 86), (2.2, 86), (2.2, 86), (2.18, 86), (1.71, 88), (2.22, 88)]
  86.2 d4=3.1 d9=72446  blobs=[(1.72, 86), (2.18, 86), (2.17, 86), (2.2, 86), (2.19, 86), (2.21, 86), (1.74, 88), (2.21, 88)]
  86.9 d4=4.8 d9=72469  blobs=[(1.72, 84), (2.19, 84), (2.2, 84), (2.2, 84), (2.19, 84), (2.2, 84), (1.7, 86), (2.21, 86)]
  87.6 d4=6.0 d9=72490 tick=693621 goal=0 here=0 blobs=[(1.72, 84), (2.19, 84), (2.18, 84), (2.17, 84), (2.19, 84), (2.19, 84), (1.7, 86), (2.21, 86)]
  88.4 d4=1.3 d9=72512  blobs=[(1.72, 84), (2.18, 84), (2.19, 84), (2.19, 84), (2.18, 84), (2.21, 84), (1.71, 86), (2.19, 86)]
  89.2 d4=2.8 d9=72536 tick=693772 goal=0 here=0 blobs=[(1.71, 84), (2.19, 84), (2.17, 84), (2.18, 84), (2.19, 84), (2.2, 84), (1.72, 86), (2.19, 86)]
  89.9 d4=2.3 d9=72558  blobs=[(1.71, 84), (2.18, 84), (2.18, 84), (2.19, 84), (2.18, 84), (2.2, 84), (1.73, 86), (2.21, 86)]
  90.7 d4=0.5 d9=72579 tick=693924 goal=0 here=0 blobs=[(1.72, 84), (2.21, 84), (2.2, 84), (2.19, 84), (2.2, 84), (2.21, 84), (1.72, 86), (2.2, 86)]
  91.4 d4=7.2 d9=72603 tick=693999 goal=0 here=0 blobs=[(1.72, 84), (2.2, 84), (2.18, 84), (2.2, 84), (2.19, 84), (2.18, 84), (1.72, 86), (2.2, 86)]
  92.2 d4=7.6 d9=72627 tick=694077 goal=0 here=0 blobs=[(1.72, 86), (2.19, 86), (2.18, 86), (2.21, 86), (2.2, 86), (1.71, 88), (2.21, 88), (2.22, 88)]
  93.0 d4=4.5 d9=72649  blobs=[(1.7, 86), (2.19, 86), (2.19, 86), (2.19, 86), (2.19, 86), (2.18, 86), (1.71, 88), (2.21, 88)]
  93.7 d4=2.8 d9= tick=694228 goal=0 here=0 blobs=[(1.7, 86), (2.18, 86), (2.2, 86), (2.2, 86), (2.18, 86), (2.18, 86), (1.7, 88), (2.2, 88)]
  94.5 d4=358.8 d9=72693 tick=694301 goal=0 here=0 blobs=[(1.7, 86), (2.2, 86), (2.19, 86), (2.2, 86), (2.18, 86), (2.18, 86), (1.71, 88), (2.21, 88)]
  95.2 d4=5.4 d9=72713 tick=694372 goal=0 here=0 blobs=[(1.69, 84), (2.19, 84), (2.19, 84), (2.2, 84), (2.2, 84), (2.19, 84), (1.69, 86), (2.22, 86)]
  96.0 d4=4.2 d9=72735 tick=694452 goal=0 here=0 blobs=[(1.71, 86), (2.18, 86), (2.19, 86), (2.19, 86), (2.19, 86), (2.17, 86), (1.72, 88), (2.22, 88)]
  96.7 d4=7.0 d9=72759 tick=694523 goal=0 here=0 blobs=[(1.71, 84), (2.18, 84), (2.2, 84), (2.2, 84), (2.18, 84), (2.2, 84), (1.71, 86), (2.19, 86)]
  97.5 d4=3.5 d9=72782  blobs=[(1.7, 86), (2.19, 86), (2.21, 86), (2.18, 86), (2.2, 86), (2.2, 86), (1.73, 88), (2.23, 88)]
  98.2 d4=5.0 d9=72803 tick=694674 goal=0 here=0 blobs=[(1.71, 84), (2.2, 84), (2.2, 84), (2.2, 84), (2.22, 84), (2.18, 84), (1.72, 86), (2.21, 86)]
  98.9 d4=2.7 d9=72826  blobs=[(1.71, 86), (2.18, 86), (2.2, 86), (2.2, 86), (2.19, 86), (2.2, 86), (1.72, 88), (2.23, 88)]
  99.7 d4=2.7 d9=72845 tick=694823 goal=0 here=0 blobs=[(1.69, 84), (2.22, 84), (2.2, 84), (2.22, 84), (2.18, 84), (2.22, 84), (1.71, 86), (2.18, 86)]
 100.4 d4=1.7 d9=72868 tick=694898 goal=0 here=0 blobs=[(1.72, 84), (2.19, 84), (2.19, 84), (2.2, 84), (2.19, 84), (2.17, 84), (1.74, 86), (2.19, 86)]
 101.2 d4=9.0 d9=72892  blobs=[(1.71, 84), (2.19, 84), (2.18, 84), (2.18, 84), (2.19, 84), (2.18, 84), (1.7, 86), (2.2, 86)]
 102.0 d4=1.1 d9=72912  blobs=[(1.73, 86), (2.19, 86), (2.2, 86), (2.19, 86), (2.18, 86), (2.2, 86), (1.71, 88), (2.21, 88)]
 102.7 d4=5.7 d9=72937 tick=695129 goal=0 here=0 blobs=[(1.71, 84), (2.2, 84), (2.18, 84), (2.18, 84), (2.2, 84), (2.18, 84), (1.73, 86), (2.2, 86)]
 103.5 d4=2.9 d9=72960  blobs=[(1.7, 86), (2.18, 86), (2.18, 86), (2.19, 86), (2.18, 86), (2.19, 86), (1.72, 88), (2.21, 88)]
 104.3 d4=2.9 d9=72982  blobs=[(1.7, 86), (2.19, 86), (2.18, 86), (2.17, 86), (2.18, 86), (2.18, 86), (2.21, 88), (2.21, 88)]
 105.1 d4=5.0 d9=73005 tick=695362 goal=0 here=0 blobs=[(1.72, 86), (2.19, 86), (2.18, 86), (2.17, 86), (2.2, 86), (2.2, 86), (1.7, 88), (2.21, 88)]
 105.8 d4=0.5 d9=73027 tick=695434 goal=0 here=0 blobs=[(1.72, 86), (2.17, 86), (2.18, 86), (2.19, 86), (2.19, 86), (2.18, 86), (1.7, 88), (2.21, 88)]
 106.6 d4=2.0 d9=73051 tick=695513 goal=0 here=0 blobs=[(1.71, 86), (2.18, 86), (2.18, 86), (2.19, 86), (2.19, 86), (2.18, 86), (1.73, 88), (2.2, 88)]
 107.3 d4=8.3 d9=73071 tick=695587 goal=0 here=0 blobs=[(1.72, 84), (2.21, 84), (2.19, 84), (2.18, 84), (2.18, 84), (2.2, 84), (1.71, 86), (2.17, 86)]
 108.0 d4=5.7 d9=73091  blobs=[(1.71, 86), (2.18, 86), (2.18, 86), (2.19, 86), (2.2, 86), (2.2, 86), (1.71, 88), (2.2, 88)]
 108.8 d4=0.6 d9=73116 tick=695734 goal=0 here=0 blobs=[(1.71, 86), (2.2, 86), (2.18, 86), (2.18, 86), (2.17, 86), (2.18, 86), (1.71, 88), (2.2, 88)]
 109.6 d4=2.9 d9=73137 tick=695803 goal=0 here=0 blobs=[(1.73, 84), (2.19, 84), (2.2, 84), (2.2, 84), (2.19, 84), (2.19, 84), (1.73, 86), (2.18, 86)]
 110.5 d4=4.6 d9=73161  blobs=[(1.71, 84), (2.17, 84), (2.17, 84), (2.18, 84), (2.18, 84), (1.71, 86), (2.2, 86), (2.2, 86)]
 111.3 d4=2.7 d9=73188 tick=695982 goal=0 here=0 blobs=[(1.71, 84), (2.2, 84), (2.21, 84), (2.19, 84), (2.2, 84), (2.2, 84), (1.72, 86), (2.19, 86)]
 112.0 d4=6.2 d9=73211 tick=696060 goal=0 here=0 blobs=[(1.72, 86), (2.2, 86), (2.17, 86), (2.18, 86), (2.21, 86), (2.19, 86), (1.71, 88), (2.24, 88)]
 112.8 d4=4.9 d9=73233  blobs=[(1.71, 86), (2.19, 86), (2.18, 86), (2.2, 86), (2.17, 86), (2.18, 86), (1.72, 88), (2.19, 88)]
 113.6 d4=358.9 d9= tick=696211 goal=0 here=0 blobs=[(1.72, 86), (2.19, 86), (2.18, 86), (2.19, 86), (2.2, 86), (2.19, 86), (1.7, 88), (2.21, 88)]
 114.3 d4=3.4 d9=73279 tick=696282 goal=0 here=0 blobs=[(1.7, 84), (2.2, 84), (2.2, 84), (2.18, 84), (2.2, 84), (2.19, 84), (1.72, 86), (2.18, 86)]
 115.0 d4=2.0 d9=73301 tick=696358 goal=0 here=0 blobs=[(1.71, 86), (2.2, 86), (2.19, 86), (2.2, 86), (2.2, 86), (2.19, 86), (1.7, 88), (2.2, 88)]
 115.7 d4=1.5 d9=73322  blobs=[(1.73, 86), (2.19, 86), (2.18, 86), (2.19, 86), (2.18, 86), (2.21, 86), (1.71, 88), (2.23, 88)]
 116.5 d4=5.8 d9=73344  blobs=[(1.73, 84), (2.18, 84), (2.19, 84), (2.2, 84), (2.19, 84), (2.21, 84), (1.71, 86), (2.21, 86)]
 117.3 d4=3.4 d9=73365 tick=696582 goal=0 here=0 blobs=[(1.73, 86), (2.2, 86), (2.18, 86), (2.19, 86), (2.18, 86), (1.71, 88), (2.21, 88), (2.22, 88)]
 118.0 d4=6.2 d9=73389 tick=696656 goal=0 here=0 blobs=[(1.71, 86), (2.2, 86), (2.19, 86), (2.18, 86), (2.2, 86), (1.71, 88), (2.21, 88), (2.22, 88)]
 118.7 d4=5.7 d9=73410 tick=696730 goal=0 here=0 blobs=[(1.72, 84), (2.19, 84), (2.18, 84), (2.21, 84), (2.2, 84), (2.21, 84), (1.71, 86), (2.18, 86)]
 119.5 d4=1.5 d9=73430  blobs=[(1.71, 86), (2.19, 86), (2.18, 86), (2.2, 86), (2.18, 86), (2.19, 86), (1.7, 88), (2.2, 88)]
 120.3 d4=4.4 d9=73456 tick=696881 goal=0 here=0 blobs=[(1.71, 84), (2.19, 84), (2.19, 84), (2.18, 84), (2.2, 84), (2.17, 84), (1.72, 86), (2.2, 86)]
 121.0 d4=3.6 d9=73478 tick=696960 goal=0 here=0 blobs=[(1.72, 84), (2.18, 84), (2.19, 84), (2.2, 84), (2.19, 84), (2.18, 84), (1.73, 86), (2.21, 86)]
 121.8 d4=6.7 d9=73500  blobs=[(1.7, 84), (2.18, 84), (2.18, 84), (2.17, 84), (2.16, 84), (2.2, 84), (1.73, 86), (2.2, 86)]
 122.6 d4= d9=73522 tick=697113 goal=0 here=0 blobs=[(1.72, 84), (2.18, 84), (2.18, 84), (2.2, 84), (2.19, 84), (2.17, 84), (1.71, 86), (2.21, 86)]
 123.3 d4=3.0 d9=73545 tick=697186 goal=0 here=0 blobs=[(1.71, 84), (2.19, 84), (2.19, 84), (2.18, 84), (2.18, 84), (2.19, 84), (1.72, 86), (2.2, 86)]
 124.1 d4=5.3 d9=73569 tick=697264 goal=0 here=0 blobs=[(1.72, 84), (2.19, 84), (2.19, 84), (2.18, 84), (2.18, 84), (2.18, 84), (1.72, 86), (2.22, 86)]
 125.0 d4=3.8 d9=73591 tick=697346 goal=0 here=0 blobs=[(1.69, 86), (2.19, 86), (2.18, 86), (2.18, 86), (2.19, 86), (2.19, 86), (1.72, 88), (2.2, 88)]
 125.7 d4=5.4 d9=73614  blobs=[(1.69, 86), (2.17, 86), (2.2, 86), (2.19, 86), (2.17, 86), (2.2, 86), (1.72, 88), (2.21, 88)]
 126.4 d4=3.1 d9=73638 tick=697497 goal=0 here=0 blobs=[(1.73, 84), (2.19, 84), (2.18, 84), (2.19, 84), (2.17, 84), (2.2, 84), (1.71, 86), (2.19, 86)]
 127.1 d4=5.1 d9=73658  blobs=[(1.7, 86), (2.17, 86), (2.16, 86), (2.19, 86), (2.17, 86), (2.19, 86), (1.71, 88), (2.2, 88)]
 127.9 d4=3.3 d9=73680 tick=697639 goal=0 here=0 blobs=[(1.71, 86), (2.18, 86), (2.19, 86), (2.2, 86), (2.18, 86), (2.17, 86), (1.72, 88), (2.21, 88)]
 128.6 d4=0.6 d9=73703  blobs=[(1.74, 84), (2.21, 84), (2.2, 84), (2.21, 84), (2.19, 84), (2.2, 84), (1.7, 86), (2.2, 86)]
 129.4 d4=2.1 d9=73724 tick=697792 goal=0 here=0 blobs=[(1.72, 86), (2.18, 86), (2.17, 86), (2.18, 86), (2.18, 86), (2.19, 86), (1.7, 88), (2.21, 88)]
 130.2 d4=5.0 d9=73747 tick=697872 goal=0 here=0 blobs=[(1.7, 84), (2.2, 84), (2.19, 84), (2.18, 84), (2.17, 84), (2.19, 84), (1.7, 86), (2.21, 86)]
 130.9 d4=4.4 d9=73767 tick=697942 goal=0 here=0 blobs=[(1.7, 84), (2.18, 84), (2.18, 84), (2.18, 84), (2.18, 84), (2.2, 84), (1.73, 86), (2.2, 86)]
 131.6 d4=5.7 d9=73791 tick=698018 goal=0 here=0 blobs=[(1.71, 84), (2.19, 84), (2.19, 84), (2.17, 84), (2.19, 84), (2.19, 84), (1.7, 86), (2.19, 86)]
 132.4 d4=4.6 d9=73814  blobs=[(1.73, 84), (2.18, 84), (2.19, 84), (2.18, 84), (2.19, 84), (2.17, 84), (1.71, 86), (2.2, 86)]
 133.1 d4=7.9 d9=73835  blobs=[(1.71, 86), (2.18, 86), (2.17, 86), (2.2, 86), (2.18, 86), (2.19, 86), (1.72, 88), (2.23, 88)]
 133.9 d4=3.0 d9=73857 tick=698246 goal=0 here=0 blobs=[(1.72, 84), (2.19, 84), (2.19, 84), (2.2, 84), (2.19, 84), (2.19, 84), (1.73, 86), (2.18, 86)]
 134.6 d4=4.4 d9=73878 tick=698317 goal=0 here=0 blobs=[(1.72, 86), (2.18, 86), (2.17, 86), (2.21, 86), (2.18, 86), (2.19, 86), (1.73, 88), (2.22, 88)]
 135.4 d4=5.1 d9=73902 tick=698397 goal=0 here=0 blobs=[(1.71, 86), (2.19, 86), (2.19, 86), (2.19, 86), (2.2, 86), (2.18, 86), (1.71, 88), (2.22, 88)]
 136.1 d4=3.5 d9=73925 tick=698470 goal=0 here=0 blobs=[(1.7, 84), (2.21, 84), (2.19, 84), (2.18, 84), (2.2, 84), (2.2, 84), (1.7, 86), (2.2, 86)]
 136.9 d4=5.9 d9=73946 tick=698542 goal=0 here=0 blobs=[(1.71, 84), (2.19, 84), (2.2, 84), (2.19, 84), (2.19, 84), (2.21, 84), (1.72, 86), (2.2, 86)]
 137.6 d4=0.0 d9=73969 tick=698621 goal=0 here=0 blobs=[(1.71, 86), (2.17, 86), (2.2, 86), (2.18, 86), (2.18, 86), (2.19, 86), (1.69, 88), (2.2, 88)]
 138.4 d4=4.9 d9=73989  blobs=[(1.72, 86), (2.18, 86), (2.19, 86), (2.18, 86), (2.19, 86), (2.21, 86), (1.72, 88), (2.22, 88)]
 139.1 d4=4.3 d9=74014 tick=698769 goal=0 here=0 blobs=[(1.73, 84), (2.21, 84), (2.2, 84), (2.2, 84), (2.19, 84), (2.2, 84), (1.71, 86), (2.19, 86)]
 139.9 d4=1.8 d9=74036  blobs=[(1.7, 84), (2.2, 84), (2.2, 84), (2.18, 84), (2.19, 84), (2.18, 84), (1.72, 86), (2.19, 86)]
 140.7 d4=6.3 d9=74059 tick=698924 goal=0 here=0 blobs=[(1.73, 84), (2.19, 84), (2.19, 84), (2.18, 84), (2.2, 84), (2.18, 84), (1.73, 86), (2.21, 86)]
 141.5 d4=2.2 d9=74081 tick=699002 goal=0 here=0 blobs=[(1.71, 84), (2.2, 84), (2.19, 84), (2.18, 84), (2.18, 84), (2.2, 84), (1.72, 86), (2.2, 86)]
 142.2 d4=8.0 d9=74104 tick=699080 goal=0 here=0 blobs=[(1.71, 84), (2.18, 84), (2.17, 84), (2.21, 84), (2.18, 84), (2.18, 84), (1.71, 86), (2.22, 86)]
 143.0 d4=5.2 d9=  blobs=[(1.7, 84), (2.19, 84), (2.2, 84), (2.2, 84), (2.19, 84), (2.22, 84), (1.71, 86), (2.18, 86)]
 143.8 d4=4.4 d9=74150 tick=699231 goal=0 here=0 blobs=[(1.7, 84), (2.18, 84), (2.21, 84), (2.19, 84), (2.19, 84), (2.21, 84), (1.7, 86), (2.2, 86)]
 144.5 d4=4.2 d9=74173 tick=699307 goal=0 here=0 blobs=[(1.74, 84), (2.2, 84), (2.2, 84), (2.19, 84), (2.19, 84), (2.18, 84), (1.72, 86), (2.19, 86)]
 145.3 d4=0.8 d9=74195  blobs=[(1.72, 84), (2.18, 84), (2.19, 84), (2.18, 84), (2.19, 84), (2.2, 84), (1.71, 86), (2.2, 86)]
 146.0 d4=3.8 d9=74215 tick=699454 goal=0 here=0 blobs=[(1.71, 84), (2.2, 84), (2.18, 84), (2.18, 84), (2.19, 84), (2.18, 84), (1.71, 86), (2.16, 86)]
 146.8 d4=5.2 d9=74239  blobs=[(1.7, 86), (2.18, 86), (2.2, 86), (2.19, 86), (2.18, 86), (2.19, 86), (1.71, 88), (2.21, 88)]
 147.6 d4=7.2 d9=74261  blobs=[(1.73, 84), (2.2, 84), (2.2, 84), (2.21, 84), (2.2, 84), (2.21, 84), (1.74, 86), (2.18, 86)]
 148.3 d4=0.0 d9=74283  blobs=[(1.72, 86), (2.18, 86), (2.2, 86), (2.19, 86), (2.19, 86), (2.18, 86), (1.69, 88), (2.21, 88)]
 149.1 d4=4.6 d9=74307 tick=699762 goal=0 here=0 blobs=[(1.72, 84), (2.19, 84), (2.16, 84), (2.18, 84), (2.19, 84), (2.2, 84), (1.73, 86), (2.18, 86)]
 149.8 d4=2.8 d9=74330 tick=699839 goal=0 here=0 blobs=[(1.71, 86), (2.2, 86), (2.19, 86), (2.18, 86), (2.19, 86), (2.18, 86), (1.72, 88), (2.21, 88)]
 150.6 d4=2.8 d9=74350 tick=699913 goal=0 here=0 blobs=[(1.72, 86), (2.19, 86), (2.19, 86), (2.19, 86), (2.19, 86), (2.19, 86), (1.73, 88), (2.2, 88)]
 151.3 d4=5.5 d9=74373  blobs=[(1.73, 86), (2.18, 86), (2.18, 86), (2.19, 86), (2.2, 86), (2.17, 86), (1.72, 88), (2.22, 88)]
 152.1 d4=4.7 d9=74394 tick=700062 goal=0 here=0 blobs=[(1.72, 86), (2.19, 86), (2.16, 86), (2.19, 86), (2.19, 86), (2.19, 86), (1.71, 88), (2.2, 88)]
 152.9 d4=6.2 d9=74418  blobs=[(1.72, 84), (2.2, 84), (2.17, 84), (2.19, 84), (2.19, 84), (2.17, 84), (1.71, 86), (2.22, 86)]
 153.7 d4=1.9 d9=74442 tick=700225 goal=0 here=0 blobs=[(1.7, 84), (2.18, 84), (2.18, 84), (2.19, 84), (2.19, 84), (2.18, 84), (1.71, 86), (2.19, 86)]
 154.6 d4=8.9 d9=74467  blobs=[(1.72, 86), (2.2, 86), (2.19, 86), (2.2, 86), (2.19, 86), (2.18, 86), (1.73, 88), (2.19, 88)]
 155.4 d4=2.5 d9=74494 tick=700391 goal=0 here=0 blobs=[(1.72, 86), (2.19, 86), (2.19, 86), (2.17, 86), (2.18, 86), (2.21, 86), (1.69, 88), (2.2, 88)]
 156.2 d4=4.4 d9=74516 tick=700469 goal=0 here=0 blobs=[(1.72, 84), (2.2, 84), (2.21, 84), (2.17, 84), (2.19, 84), (2.21, 84), (1.71, 86), (2.21, 86)]
 157.0 d4=1.9 d9=74542  blobs=[(1.71, 84), (2.2, 84), (2.19, 84), (2.2, 84), (2.19, 84), (2.2, 84), (1.71, 86), (2.18, 86)]
 157.7 d4=2.3 d9=74563  blobs=[(1.72, 84), (2.19, 84), (2.19, 84), (2.18, 84), (2.18, 84), (2.2, 84), (1.72, 86), (2.19, 86)]
 158.5 d4=6.5 d9=74584 tick=700703 goal=0 here=0 blobs=[(1.72, 86), (2.19, 86), (2.2, 86), (2.18, 86), (2.19, 86), (2.19, 86), (1.72, 88), (2.23, 88)]
 159.2 d4=1.1 d9=74608  blobs=[(1.71, 86), (2.18, 86), (2.18, 86), (2.18, 86), (2.19, 86), (2.19, 86), (1.7, 88), (2.23, 88)]
 160.0 d4=7.0 d9=74630 tick=700855 goal=0 here=0 blobs=[(1.73, 84), (2.19, 84), (2.19, 84), (2.16, 84), (2.18, 84), (2.18, 84), (1.7, 86), (2.19, 86)]
 160.8 d4=3.3 d9=74655  blobs=[(1.71, 84), (2.21, 84), (2.2, 84), (2.18, 84), (2.19, 84), (2.19, 84), (1.71, 86), (2.18, 86)]
 161.6 d4=6.3 d9=74677  blobs=[(1.73, 84), (2.2, 84), (2.2, 84), (2.19, 84), (2.2, 84), (2.21, 84), (1.72, 86), (2.2, 86)]
 162.3 d4=4.9 d9=74700 tick=701090 goal=0 here=0 blobs=[(1.72, 86), (2.18, 86), (2.18, 86), (2.18, 86), (2.17, 86), (2.18, 86), (1.71, 88), (2.21, 88)]
 163.1 d4=1.3 d9=74719 tick=701159 goal=0 here=0 blobs=[(1.71, 86), (2.2, 86), (2.2, 86), (2.19, 86), (2.2, 86), (2.18, 86), (1.72, 88), (2.21, 88)]
 163.8 d4=6.9 d9=74741  blobs=[(1.71, 84), (2.2, 84), (2.18, 84), (2.18, 84), (2.19, 84), (2.18, 84), (1.68, 86), (2.2, 86)]
 164.5 d4=4.0 d9=74763 tick=701304 goal=0 here=0 blobs=[(1.71, 84), (2.18, 84), (2.19, 84), (2.18, 84), (2.21, 84), (2.21, 84), (1.73, 86), (2.21, 86)]
 165.2 d4=2.3 d9=74786 tick=701379 goal=0 here=0 blobs=[(1.73, 86), (2.2, 86), (2.17, 86), (2.19, 86), (2.19, 86), (1.73, 88), (2.19, 88), (2.18, 88)]
 166.0 d4=7.2 d9=74807  blobs=[(1.73, 84), (2.19, 84), (2.2, 84), (2.18, 84), (2.21, 84), (2.2, 84), (1.71, 86), (2.18, 86)]
 166.8 d4=4.2 d9=74829 tick=701532 goal=0 here=0 blobs=[(1.71, 84), (2.2, 84), (2.19, 84), (2.2, 84), (2.19, 84), (2.21, 84), (1.72, 86), (2.19, 86)]
 167.5 d4=3.5 d9=74850 tick=701601 goal=0 here=0 blobs=[(1.72, 86), (2.19, 86), (2.18, 86), (2.18, 86), (2.2, 86), (2.19, 86), (1.71, 88), (2.2, 88)]
 168.2 d4=5.6 d9=74872  blobs=[(1.71, 84), (2.2, 84), (2.18, 84), (2.18, 84), (2.22, 84), (2.19, 84), (1.72, 86), (2.2, 86)]
 168.9 d4=5.6 d9=74895 tick=701751 goal=0 here=0 blobs=[(1.69, 84), (2.19, 84), (2.18, 84), (2.2, 84), (2.21, 84), (2.19, 84), (1.72, 86), (2.19, 86)]
 169.7 d4=6.2 d9= tick=701823 goal=0 here=0 blobs=[(1.71, 84), (2.19, 84), (2.18, 84), (2.2, 84), (2.19, 84), (2.19, 84), (1.7, 86), (2.19, 86)]
 170.4 d4=0.9 d9=74940 tick=701896 goal=0 here=0 blobs=[(1.73, 84), (2.19, 84), (2.19, 84), (2.19, 84), (2.2, 84), (2.2, 84), (1.75, 86), (2.2, 86)]
 171.3 d4=1.6 d9=74961 tick=701979 goal=0 here=0 blobs=[(1.72, 86), (2.21, 86), (2.19, 86), (2.18, 86), (2.2, 86), (2.2, 86), (1.73, 88), (2.19, 88)]
 172.0 d4=6.9 d9=74985  blobs=[(1.73, 86), (2.18, 86), (2.2, 86), (2.18, 86), (2.2, 86), (2.18, 86), (1.72, 88), (2.21, 88)]
 172.7 d4=8.7 d9=75005 tick=702124 goal=0 here=0 blobs=[(1.72, 84), (2.2, 84), (2.22, 84), (2.21, 84), (2.18, 84), (2.19, 84), (1.72, 86), (2.19, 86)]
 173.5 d4=1.0 d9=75027 tick=702202 goal=0 here=0 blobs=[(1.71, 86), (2.19, 86), (2.19, 86), (2.18, 86), (2.19, 86), (2.18, 86), (1.72, 88), (2.22, 88)]
 174.2 d4=5.7 d9=75049 tick=702273 goal=0 here=0 blobs=[(1.7, 84), (2.17, 84), (2.18, 84), (2.19, 84), (2.17, 84), (2.2, 84), (1.72, 86), (2.19, 86)]
 175.1 d4=4.1 d9=75075 tick=702358 goal=0 here=0 blobs=[(1.7, 84), (2.18, 84), (2.18, 84), (2.2, 84), (2.18, 84), (2.18, 84), (1.7, 86), (2.19, 86)]
 175.9 d4=7.0 d9=75101 tick=702444 goal=0 here=0 blobs=[(1.72, 84), (2.19, 84), (2.19, 84), (2.2, 84), (2.2, 84), (2.19, 84), (1.71, 86), (2.19, 86)]
 176.6 d4=5.7 d9=75120  blobs=[(1.7, 86), (2.18, 86), (2.2, 86), (2.19, 86), (2.19, 86), (2.19, 86), (1.72, 88), (2.21, 88)]
 177.4 d4=3.3 d9=75146  blobs=[(1.71, 86), (2.19, 86), (2.19, 86), (2.18, 86), (2.19, 86), (2.19, 86), (1.72, 88), (2.21, 88)]
 178.1 d4=5.6 d9=75167  blobs=[(1.71, 84), (2.21, 84), (2.19, 84), (2.19, 84), (2.19, 84), (2.19, 84), (1.71, 86), (2.18, 86)]
 178.8 d4=0.2 d9=75188  blobs=[(1.71, 86), (2.18, 86), (2.2, 86), (2.19, 86), (2.2, 86), (2.19, 86), (1.73, 88), (2.21, 88)]
 179.6 d4=3.7 d9=75209 tick=702813 goal=0 here=0 blobs=[(1.73, 86), (2.19, 86), (2.2, 86), (2.2, 86), (2.18, 86), (2.2, 86), (1.73, 88), (2.21, 88)]
 180.4 d4=2.5 d9=75234 tick=702894 goal=0 here=0 blobs=[(1.73, 84), (2.18, 84), (2.18, 84), (2.18, 84), (2.19, 84), (1.73, 86), (2.22, 86), (2.18, 86)]
 181.1 d4=5.0 d9=75253  blobs=[(1.72, 84), (2.18, 84), (2.18, 84), (2.17, 84), (2.19, 84), (2.18, 84), (1.72, 86), (2.21, 86)]
 181.8 d4=359.8 d9=75276 tick=703035 goal=0 here=0 blobs=[(1.7, 86), (2.19, 86), (2.19, 86), (2.19, 86), (2.19, 86), (2.19, 86), (1.72, 88), (2.2, 88)]
 182.6 d4=4.1 d9=75297 tick=703113 goal=0 here=0 blobs=[(1.71, 84), (2.2, 84), (2.19, 84), (2.2, 84), (2.2, 84), (2.18, 84), (1.73, 86), (2.21, 86)]
 183.3 d4=5.8 d9=75318 tick=703186 goal=0 here=0 blobs=[(1.72, 84), (2.18, 84), (2.21, 84), (2.2, 84), (2.18, 84), (2.2, 84), (1.72, 86), (2.19, 86)]
 184.1 d4=2.0 d9=75344 tick=703268 goal=0 here=0 blobs=[(1.71, 84), (2.19, 84), (2.2, 84), (2.2, 84), (2.19, 84), (2.2, 84), (1.71, 86), (2.2, 86)]
 184.9 d4=4.8 d9=75365 tick=703344 goal=0 here=0 blobs=[(1.69, 84), (2.2, 84), (2.19, 84), (2.18, 84), (2.18, 84), (2.2, 84), (1.7, 86), (2.18, 86)]
 185.6 d4=4.8 d9=75388 tick=703417 goal=0 here=0 blobs=[(1.68, 84), (2.19, 84), (2.21, 84), (2.2, 84), (2.19, 84), (2.18, 84), (1.73, 86), (2.19, 86)]
 186.3 d4=4.6 d9=75409 tick=703490 goal=0 here=0 blobs=[(1.72, 84), (2.19, 84), (2.2, 84), (2.19, 84), (2.19, 84), (1.71, 86), (2.19, 86), (2.2, 86)]
 187.1 d4=3.5 d9=75431 tick=703566 goal=0 here=0 blobs=[(1.71, 86), (2.17, 86), (2.17, 86), (2.17, 86), (2.19, 86), (2.19, 86), (1.71, 88), (2.22, 88)]
 187.8 d4=3.0 d9=75454 tick=703641 goal=0 here=0 blobs=[(1.73, 84), (2.2, 84), (2.19, 84), (2.18, 84), (2.2, 84), (2.19, 84), (1.69, 86), (2.21, 86)]
 188.6 d4=4.5 d9=75475  blobs=[(1.73, 86), (2.21, 86), (2.18, 86), (2.18, 86), (2.22, 86), (2.21, 86), (1.71, 88), (2.2, 88)]
 189.3 d4=9.4 d9=75495 tick=703782 goal=0 here=0 blobs=[(1.71, 86), (2.19, 86), (2.2, 86), (2.18, 86), (2.2, 86), (2.19, 86), (1.72, 88), (2.21, 88)]
 189.9 d4=4.4 d9=75515  blobs=[(1.72, 86), (2.18, 86), (2.19, 86), (2.18, 86), (2.19, 86), (2.2, 86), (1.71, 88), (2.2, 88)]
 190.6 d4=3.9 d9=75535  blobs=[(1.71, 86), (2.18, 86), (2.18, 86), (2.19, 86), (2.18, 86), (2.2, 86), (1.7, 88), (2.21, 88)]
 191.3 d4=5.8 d9=75555  blobs=[(1.71, 84), (2.2, 84), (2.19, 84), (2.18, 84), (2.18, 84), (2.2, 84), (1.71, 86), (2.2, 86)]
 192.0 d4=9.2 d9=75575  blobs=[(1.71, 84), (2.19, 84), (2.19, 84), (2.2, 84), (2.19, 84), (2.19, 84), (1.73, 86), (2.21, 86)]
 192.7 d4=4.7 d9=75595  blobs=[(1.71, 86), (2.19, 86), (2.18, 86), (2.18, 86), (2.19, 86), (2.2, 86), (1.73, 88), (2.23, 88)]
 193.3 d4=358.7 d9=75616 tick=704187 goal=0 here=0 blobs=[(1.72, 84), (2.2, 84), (2.19, 84), (2.17, 84), (2.19, 84), (2.21, 84), (1.74, 86), (2.19, 86)]
 194.0 d4=2.5 d9=75633  blobs=[(1.7, 84), (2.18, 84), (2.19, 84), (2.2, 84), (2.18, 84), (2.19, 84), (1.72, 86), (2.19, 86)]
 194.6 d4=5.1 d9=75655  blobs=[(1.72, 84), (2.18, 84), (2.21, 84), (2.2, 84), (2.19, 84), (2.19, 84), (1.71, 86), (2.2, 86)]
 195.3 d4=4.6 d9=75674  blobs=[(1.73, 86), (2.19, 86), (2.17, 86), (2.18, 86), (2.18, 86), (2.18, 86), (1.74, 88), (2.21, 88)]
 195.9 d4=4.3 d9=75693 tick=704449 goal=0 here=0 blobs=[(1.72, 86), (2.2, 86), (2.19, 86), (2.2, 86), (2.19, 86), (2.18, 86), (1.71, 88), (2.22, 88)]
 196.6 d4=3.1 d9=75712 tick=704517 goal=0 here=0 blobs=[(1.71, 86), (2.19, 86), (2.19, 86), (2.2, 86), (2.17, 86), (2.18, 86), (1.71, 88), (2.2, 88)]
 197.3 d4=4.4 d9=75732  blobs=[(1.72, 86), (2.18, 86), (2.19, 86), (2.18, 86), (2.2, 86), (2.18, 86), (1.72, 88), (2.21, 88)]
 198.1 d4=6.4 d9=75751  blobs=[(1.7, 86), (2.21, 86), (2.2, 86), (2.18, 86), (2.17, 86), (2.18, 86), (1.71, 88), (2.2, 88)]
 198.7 d4=0.3 d9=75773 tick=704726 goal=0 here=0 blobs=[(1.71, 86), (2.17, 86), (2.2, 86), (2.19, 86), (2.2, 86), (2.17, 86), (1.71, 88), (2.2, 88)]
 199.4 d4=7.1 d9=75794  blobs=[(1.71, 86), (2.2, 86), (2.18, 86), (2.19, 86), (2.17, 86), (2.18, 86), (1.71, 88), (2.23, 88)]
 200.1 d4=3.7 d9=75816 tick=704866 goal=0 here=0 blobs=[(1.71, 86), (2.18, 86), (2.19, 86), (2.21, 86), (2.19, 86), (2.2, 86), (1.72, 88), (2.19, 88)]
 200.8 d4=0.1 d9= tick=704932 goal=0 here=0 blobs=[(1.7, 86), (2.19, 86), (2.19, 86), (2.2, 86), (2.19, 86), (2.22, 86), (1.74, 88), (2.2, 88)]
 201.4 d4=2.4 d9=75855  blobs=[(1.71, 86), (2.21, 86), (2.19, 86), (2.2, 86), (2.2, 86), (2.19, 86), (1.73, 88), (2.21, 88)]
 202.1 d4=1.8 d9=75873  blobs=[(1.72, 86), (2.19, 86), (2.18, 86), (2.18, 86), (2.19, 86), (2.19, 86), (1.72, 88), (2.2, 88)]
 202.8 d4=7.1 d9=75895 tick=705132 goal=0 here=0 blobs=[(1.72, 84), (2.19, 84), (2.2, 84), (2.18, 84), (2.19, 84), (2.19, 84), (1.71, 86), (2.21, 86)]
 203.4 d4=4.9 d9=75915 tick=705199 goal=0 here=0 blobs=[(1.7, 84), (2.19, 84), (2.19, 84), (2.18, 84), (2.2, 84), (2.19, 84), (1.7, 86), (2.19, 86)]
 204.1 d4=4.2 d9=75934 tick=705267 goal=0 here=0 blobs=[(1.71, 84), (2.18, 84), (2.19, 84), (2.22, 84), (2.2, 84), (1.71, 86), (2.18, 86), (2.19, 86)]
 204.9 d4=2.3 d9=75954 tick=705335 goal=0 here=0 blobs=[(1.72, 84), (2.17, 84), (2.18, 84), (2.17, 84), (2.19, 84), (2.19, 84), (1.72, 86), (2.19, 86)]
 205.6 d4=3.3 d9=75978  blobs=[(1.73, 84), (2.18, 84), (2.2, 84), (2.19, 84), (2.19, 84), (2.19, 84), (1.7, 86), (2.18, 86)]
 206.3 d4=4.6 d9=75997 tick=705482 goal=0 here=0 blobs=[(1.71, 84), (2.19, 84), (2.2, 84), (2.18, 84), (2.21, 84), (2.18, 84), (1.72, 86), (2.19, 86)]
 207.0 d4=4.9 d9=76017 tick=705550 goal=0 here=0 blobs=[(1.72, 84), (2.22, 84), (2.2, 84), (2.2, 84), (2.21, 84), (2.19, 84), (1.73, 86), (2.19, 86)]
 207.6 d4=6.4 d9=76039 tick=705619 goal=0 here=0 blobs=[(1.71, 84), (2.19, 84), (2.19, 84), (2.2, 84), (2.19, 84), (2.19, 84), (1.72, 86), (2.18, 86)]
 208.3 d4=7.8 d9=76057 tick=705686 goal=0 here=0 blobs=[(1.72, 84), (2.18, 84), (2.2, 84), (2.19, 84), (2.18, 84), (1.71, 86), (2.19, 86), (2.21, 86)]
 209.0 d4=4.0 d9=76076  blobs=[(1.73, 86), (2.19, 86), (2.19, 86), (2.18, 86), (2.19, 86), (2.19, 88), (2.19, 88), (2.2, 88)]
 209.6 d4=6.2 d9=76099  blobs=[(1.72, 84), (2.21, 84), (2.2, 84), (2.21, 84), (2.2, 84), (2.2, 84), (1.7, 86), (2.21, 86)]
 210.3 d4=5.4 d9=76117 tick=705886 goal=0 here=0 blobs=[(1.71, 86), (2.19, 86), (2.19, 86), (2.18, 86), (2.19, 86), (2.19, 86), (1.71, 88), (2.22, 88)]
 211.0 d4=2.8 d9=76137 tick=705953 goal=0 here=0 blobs=[(1.71, 86), (2.18, 86), (2.16, 86), (2.2, 86), (2.16, 86), (2.19, 86), (1.72, 88), (2.22, 88)]
 211.6 d4=1.2 d9=76157 tick=706018 goal=0 here=0 blobs=[(1.72, 84), (2.2, 84), (2.21, 84), (2.18, 84), (2.18, 84), (2.19, 84), (1.71, 86), (2.2, 86)]
 212.3 d4=5.0 d9=76177 tick=706083 goal=0 here=0 blobs=[(1.7, 84), (2.18, 84), (2.17, 84), (2.17, 84), (2.22, 84), (2.19, 84), (1.71, 86), (2.21, 86)]
 212.9 d4=0.6 d9=76195 tick=706151 goal=0 here=0 blobs=[(1.71, 84), (2.2, 84), (2.2, 84), (2.18, 84), (2.19, 84), (2.19, 84), (1.73, 86), (2.2, 86)]
 213.6 d4=4.5 d9=76216  blobs=[(1.71, 84), (2.17, 84), (2.2, 84), (2.2, 84), (2.19, 84), (2.19, 84), (1.71, 86), (2.19, 86)]
 214.3 d4=1.7 d9=76236 tick=706285 goal=0 here=0 blobs=[(1.71, 84), (2.21, 84), (2.2, 84), (2.19, 84), (2.19, 84), (2.19, 84), (1.72, 86), (2.19, 86)]
 215.0 d4=5.0 d9=76256 tick=706353 goal=0 here=0 blobs=[(1.7, 84), (2.18, 84), (2.21, 84), (2.2, 84), (2.18, 84), (2.19, 84), (1.7, 86), (2.19, 86)]
 215.6 d4=1.8 d9=76276 tick=706420 goal=0 here=0 blobs=[(1.71, 86), (2.17, 86), (2.19, 86), (2.17, 86), (2.18, 86), (2.19, 86), (1.72, 88), (2.21, 88)]
 216.3 d4=4.8 d9=76295 tick=706488 goal=0 here=0 blobs=[(1.71, 84), (2.19, 84), (2.18, 84), (2.19, 84), (2.19, 84), (2.17, 84), (1.69, 86), (2.19, 86)]
 217.0 d4=4.7 d9=76314 tick=706553 goal=0 here=0 blobs=[(1.72, 84), (2.2, 84), (2.2, 84), (2.19, 84), (2.18, 84), (2.2, 84), (1.72, 86), (2.2, 86)]
 217.6 d4=4.0 d9=  blobs=[(1.72, 86), (2.17, 86), (2.19, 86), (2.18, 86), (2.19, 86), (2.16, 86), (1.71, 88), (2.21, 88)]
 218.3 d4=4.2 d9=76354 tick=706683 goal=0 here=0 blobs=[(1.72, 86), (2.19, 86), (2.18, 86), (2.18, 86), (2.19, 86), (2.19, 86), (1.73, 88), (2.21, 88)]
 218.9 d4=3.2 d9=76371  blobs=[(1.72, 86), (2.19, 86), (2.18, 86), (2.19, 86), (2.19, 86), (2.19, 86), (1.72, 88), (2.19, 88)]
 219.6 d4=4.2 d9=76392 tick=706815 goal=0 here=0 blobs=[(1.72, 86), (2.2, 86), (2.19, 86), (2.2, 86), (2.2, 86), (2.18, 86), (1.72, 88), (2.21, 88)]
 220.3 d4=6.4 d9=76413 tick=706883 goal=0 here=0 blobs=[(1.73, 86), (2.19, 86), (2.18, 86), (2.19, 86), (2.17, 86), (2.2, 86), (1.72, 88), (2.19, 88)]
 220.9 d4=5.0 d9=76431  blobs=[(1.71, 86), (2.18, 86), (2.19, 86), (2.18, 86), (2.19, 86), (2.19, 86), (1.71, 88), (2.2, 88)]
 221.6 d4=0.2 d9=76451  blobs=[(2.18, 86), (2.19, 86), (2.18, 86), (2.17, 86), (2.2, 86), (1.7, 88), (2.2, 88), (2.21, 88)]
 222.3 d4=5.0 d9=76470  blobs=[(1.73, 86), (2.2, 86), (2.19, 86), (2.18, 86), (2.2, 86), (2.18, 86), (1.72, 88), (2.24, 88)]
 222.9 d4=2.7 d9=76491 tick=707151 goal=0 here=0 blobs=[(1.71, 86), (2.2, 86), (2.18, 86), (2.2, 86), (2.18, 86), (2.17, 86), (1.72, 88), (2.22, 88)]
 223.6 d4=2.0 d9=76512 tick=707218 goal=0 here=0 blobs=[(1.71, 84), (2.2, 84), (2.18, 84), (2.19, 84), (2.19, 84), (2.18, 84), (1.71, 86), (2.19, 86)]
 224.3 d4=3.2 d9=76531 tick=707285 goal=0 here=0 blobs=[(1.72, 84), (2.21, 84), (2.19, 84), (2.21, 84), (2.18, 84), (2.2, 84), (1.72, 86), (2.2, 86)]
 225.1 d4=4.9 d9=76551 tick=707351 goal=0 here=0 blobs=[(1.7, 86), (2.19, 86), (2.18, 86), (2.16, 86), (2.19, 86), (2.19, 86), (1.71, 88), (2.21, 88)]
 225.7 d4=4.9 d9=76573 tick=707430 goal=0 here=0 blobs=[(1.71, 86), (2.17, 86), (2.19, 86), (2.18, 86), (2.19, 86), (2.18, 86), (1.73, 88), (2.22, 88)]
 226.4 d4=1.5 d9=76593 tick=707499 goal=0 here=0 blobs=[(1.73, 84), (2.19, 84), (2.19, 84), (2.2, 84), (2.19, 84), (2.19, 84), (1.72, 86), (2.19, 86)]
 227.1 d4=1.8 d9=76614 tick=707564 goal=0 here=0 blobs=[(1.7, 86), (2.19, 86), (2.19, 86), (2.19, 86), (2.19, 86), (2.19, 86), (1.74, 88), (2.21, 88)]
 227.8 d4=6.3 d9=76634  blobs=[(1.72, 84), (2.18, 84), (2.18, 84), (2.19, 84), (2.19, 84), (2.19, 84), (1.72, 86), (2.21, 86)]
 228.4 d4=0.5 d9=76652  blobs=[(1.71, 84), (2.21, 84), (2.19, 84), (2.2, 84), (2.21, 84), (2.19, 84), (1.71, 86), (2.21, 86)]
 229.1 d4=3.5 d9=76673  blobs=[(1.72, 84), (2.18, 84), (2.2, 84), (2.18, 84), (2.18, 84), (2.17, 84), (1.7, 86), (2.2, 86)]
 229.7 d4=3.3 d9=76693 tick=707829 goal=0 here=0 blobs=[(1.71, 84), (2.18, 84), (2.21, 84), (2.2, 84), (2.2, 84), (2.19, 84), (1.72, 86), (2.22, 86)]
 230.4 d4=3.2 d9=76713 tick=707896 goal=0 here=0 blobs=[(1.72, 84), (2.19, 84), (2.19, 84), (2.19, 84), (2.19, 84), (2.18, 84), (1.72, 86), (2.18, 86)]
 231.1 d4=5.3 d9=76734 tick=707968 goal=0 here=0 blobs=[(1.72, 86), (2.18, 86), (2.21, 86), (2.17, 86), (2.19, 86), (2.2, 86), (1.72, 88), (2.2, 88)]
 231.8 d4=4.4 d9=76753 tick=708033 goal=0 here=0 blobs=[(1.71, 86), (2.2, 86), (2.19, 86), (2.19, 86), (2.19, 86), (2.18, 86), (1.71, 88), (2.21, 88)]
 232.4 d4=1.3 d9=76772 tick=708098 goal=0 here=0 blobs=[(1.72, 86), (2.2, 86), (2.18, 86), (2.18, 86), (2.19, 86), (2.17, 86), (1.7, 88), (2.2, 88)]
 233.1 d4=3.4 d9=76792  blobs=[(1.71, 86), (2.2, 86), (2.21, 86), (2.2, 86), (2.18, 86), (2.19, 86), (1.71, 88), (2.19, 88)]
 233.7 d4=6.3 d9=76810  blobs=[(1.72, 86), (2.19, 86), (2.18, 86), (2.18, 86), (2.19, 86), (2.19, 86), (1.73, 88), (2.21, 88)]
 234.4 d4=3.6 d9=76829  blobs=[(1.71, 86), (2.18, 86), (2.17, 86), (2.17, 86), (2.18, 86), (2.15, 86), (1.72, 88), (2.2, 88)]
 235.1 d4=6.3 d9=76849  blobs=[(1.7, 86), (2.19, 86), (2.18, 86), (2.18, 86), (2.19, 86), (2.18, 86), (1.72, 88), (2.22, 88)]
 235.7 d4=3.2 d9=76871 tick=708430 goal=0 here=0 blobs=[(1.7, 86), (2.18, 86), (2.18, 86), (2.19, 86), (2.17, 86), (2.21, 86), (1.74, 88), (2.19, 88)]
 236.4 d4=1.4 d9=76888  blobs=[(1.72, 86), (2.18, 86), (2.18, 86), (2.18, 86), (2.2, 86), (2.2, 86), (1.71, 88), (2.21, 88)]
 237.1 d4=3.0 d9=76909  blobs=[(1.72, 84), (2.19, 84), (2.2, 84), (2.2, 84), (2.2, 84), (2.21, 84), (1.7, 86), (2.2, 86)]
 237.7 d4=5.4 d9=76929  blobs=[(1.72, 84), (2.18, 84), (2.19, 84), (2.2, 84), (2.19, 84), (2.19, 84), (1.72, 86), (2.2, 86)]
 238.4 d4=3.7 d9=76950 tick=708697 goal=0 here=0 blobs=[(1.72, 86), (2.2, 86), (2.18, 86), (2.18, 86), (2.2, 86), (2.19, 86), (1.72, 88), (2.22, 88)]
 239.1 d4=359.3 d9=76969 tick=708762 goal=0 here=0 blobs=[(1.73, 86), (2.18, 86), (2.2, 86), (2.18, 86), (2.19, 86), (2.19, 86), (1.73, 88), (2.18, 88)]
 239.7 d4=6.9 d9=76988  blobs=[(1.71, 84), (2.19, 84), (2.19, 84), (2.2, 84), (2.19, 84), (2.2, 84), (1.72, 86), (2.17, 86)]
CHASEDONE
