best dir h=0 front=359.30
dist=0.00 front=0.38 lid=[0.38, 0.41, 0.53, 1.07, 1.9, 0.27, 0.18, 0.1, 0.11, 0.14, 0.19, 0.13, 0.11, 0.14, 0.27, 0.39]
dist=0.04 front=0.35 lid=[0.35, 0.41, 0.5, 0.92, 1.95, 0.28, 0.22, 0.1, 0.12, 0.18, 0.2, 0.13, 0.11, 0.15, 0.27, 0.38]
dist=0.08 front=0.34 lid=[0.34, 0.4, 0.49, 0.89, 2.8, 0.29, 0.25, 0.1, 0.12, 0.19, 0.17, 0.13, 0.14, 0.21, 0.26, 0.36]
dist=0.12 front=0.33 lid=[0.33, 0.35, 0.48, 0.81, 2.82, 0.33, 0.26, 0.12, 0.14, 0.19, 0.19, 0.11, 0.12, 0.21, 0.24, 0.35]
dist=0.16 front=0.31 lid=[0.31, 0.35, 0.45, -1.0, 2.82, 0.37, 0.28, 0.14, 0.15, 0.21, 0.21, 0.12, 0.14, 0.22, 0.24, 0.33]
dist=0.20 front=0.31 lid=[0.32, 0.31, 0.44, 0.75, 2.82, 0.38, 0.29, 0.17, 0.15, 0.24, -1.0, 0.1, 0.15, 0.21, 0.23, 0.32]
dist=0.24 front=0.29 lid=[0.29, 0.29, 0.41, 0.73, 2.81, 0.39, 0.28, 0.2, -1.0, 0.24, 0.17, 0.14, 0.17, 0.22, 0.23, 0.3]
dist=0.28 front=0.28 lid=[0.29, 0.28, 0.41, 0.7, 2.8, 0.42, 0.3, 0.21, 0.19, 0.26, 0.18, 0.14, 0.17, 0.23, 0.23, 0.31]
dist=0.32 front=0.26 lid=[0.29, 0.26, 0.37, 0.7, 2.79, 0.45, 0.31, 0.23, 0.19, 0.27, 0.16, 0.13, -1.0, 0.2, 0.22, 0.28]
dist=0.36 front=0.23 lid=[0.26, 0.23, 0.36, 0.67, 2.78, 0.67, 0.32, 0.25, 0.21, 0.27, 0.15, 0.13, 0.18, 0.19, 0.21, 0.27]
dist=0.40 front=0.21 lid=[0.27, 0.21, 0.34, 0.65, 2.79, 0.7, 0.35, 0.26, 0.23, 0.29, 0.17, 0.15, 0.2, 0.19, 0.18, 0.24]
dist=0.44 front=0.21 lid=[0.27, 0.21, 0.34, 0.63, 2.81, 0.72, 0.35, 0.29, 0.22, 0.29, 0.18, 0.15, 0.18, 0.21, 0.19, 0.25]
dist=0.48 front=0.20 lid=[0.23, 0.2, 0.32, 0.61, 2.84, 0.74, 0.36, 0.28, 0.26, 0.32, 0.17, 0.16, 0.2, 0.2, 0.2, 0.23]
dist=0.52 front=0.20 lid=[0.25, 0.2, 0.32, 0.57, 2.84, 0.77, 0.36, 0.34, 0.26, 0.33, 0.17, 0.18, 0.22, 0.21, 0.21, 0.22]
dist=0.56 front=0.18 lid=[0.21, 0.18, 0.31, 0.49, 2.85, 0.79, 0.4, -1.0, 0.27, 0.35, 0.17, 0.2, 0.19, 0.17, 0.18, 0.2]
blocked
done x=0.56
