P 2.464 1.380 108.6 1.10 0.55 0.36 0.35 0.37 0.41 0.69 0.93 0.76 1.08 0.75 0.66 0.16 0.12 0.28 1.05
P 2.453 1.421 110.7 1.06 0.49 0.34 0.33 0.39 0.41 0.71 0.94 0.54 0.98 0.76 0.63 0.14 0.23 0.24 0.98
P 2.438 1.462 115.7 2.10 0.46 0.31 0.33 0.37 0.41 0.74 1.00 0.55 1.00 0.67 0.14 0.15 0.24 0.25 0.91
P 2.423 1.501 110.3 0.97 0.42 0.37 0.29 0.34 0.41 0.78 1.03 0.61 1.06 0.16 0.16 0.22 0.19 0.41 0.87
P 2.406 1.543 110.3 1.99 0.39 0.41 0.25 0.31 0.40 0.79 1.07 1.73 1.07 0.20 0.21 0.22 0.19 0.50 0.80
P 2.394 1.569 112.4 2.00 0.36 0.35 0.23 0.31 0.41 0.80 1.12 1.78 1.06 0.21 0.21 0.18 0.31 0.68 0.77
P 2.391 1.578 107.3 0.86 0.45 0.34 0.27 0.26 0.40 0.53 1.11 0.74 1.13 0.20 0.24 0.18 0.30 0.60 0.75
P 2.377 1.621 108.5 0.84 1.21 0.29 0.29 0.24 0.34 0.48 1.20 1.02 1.19 0.25 0.23 0.18 0.32 0.58 0.71
P 2.376 1.625 99.3 0.74 1.97 0.30 0.32 0.24 0.28 0.46 0.90 1.23 1.53 0.27 0.25 0.18 0.32 0.36 0.78
P 2.373 1.647 96.8 0.70 1.93 0.34 0.28 0.28 0.25 0.43 0.94 1.26 1.58 0.29 0.23 0.18 0.28 0.35 0.75
P 2.374 1.692 79.3 0.70 0.69 1.99 0.34 0.25 0.29 0.25 0.47 0.99 1.31 1.43 0.32 0.19 0.23 0.27 0.48
P 2.381 1.730 80.8 0.64 0.64 1.94 0.99 0.25 0.33 0.29 0.50 1.22 1.35 0.34 0.25 0.19 0.24 0.26 0.48
P 2.390 1.773 78.0 0.59 0.56 1.86 1.01 0.29 0.28 0.31 0.49 1.29 1.31 0.37 0.21 0.21 0.22 0.24 0.44
P 2.398 1.813 77.0 0.53 0.51 1.81 0.98 0.32 0.27 0.37 0.49 1.35 1.30 0.38 0.21 0.21 0.20 0.24 0.44
P 2.404 1.856 75.1 0.49 0.46 1.79 0.99 0.42 0.27 0.40 0.56 1.48 2.04 0.25 0.25 0.20 0.17 0.27 0.41
P 2.408 1.888 82.8 0.43 0.40 1.76 0.98 0.86 0.30 0.45 0.59 1.55 2.06 0.29 0.22 0.16 0.17 0.29 0.39
P 2.413 1.914 79.5 0.42 0.37 0.56 1.00 0.86 0.35 0.44 0.57 1.56 2.09 0.31 0.23 0.17 0.20 0.27 0.35
P 2.417 1.939 80.6 0.40 0.32 0.52 1.01 0.89 0.35 0.37 0.48 1.59 2.12 0.29 0.19 0.16 0.19 0.27 0.34
P 2.421 1.964 81.7 0.37 0.31 0.49 0.98 0.91 0.40 0.38 0.52 1.53 2.16 0.33 0.20 0.15 0.20 0.27 0.33
P 2.425 1.989 81.9 0.35 0.28 0.43 1.01 0.93 0.45 0.36 0.54 1.54 2.19 0.33 0.19 0.16 0.20 0.25 0.32
P 2.405 2.005 143.6 1.07 0.90 0.85 0.38 0.54 1.32 1.55 0.39 0.23 0.20 0.25 0.23 0.34 0.30 0.26 0.41
P 2.387 2.020 141.5 1.07 0.89 0.81 0.37 0.53 0.95 1.66 0.40 0.26 0.22 0.28 0.26 0.37 0.28 0.24 0.36
P 2.368 2.034 141.5 1.02 0.84 0.80 0.33 0.39 0.93 1.69 0.44 0.28 0.26 0.28 0.28 0.36 0.26 0.23 0.35
P 2.346 2.051 144.3 1.01 0.82 0.76 0.37 0.36 0.89 1.71 0.47 0.30 0.30 0.32 0.31 0.34 0.20 0.21 0.34
P 2.328 2.065 142.1 0.97 0.79 0.74 0.35 0.34 0.59 1.75 0.50 0.35 0.32 0.34 0.33 0.32 0.20 0.21 0.31
P 2.307 2.082 145.6 0.95 0.75 0.75 0.39 0.34 0.58 1.75 0.53 0.38 0.34 0.34 0.35 0.29 0.17 0.20 0.29
P 2.287 2.098 137.8 0.90 0.73 0.73 0.62 0.30 0.57 1.73 0.73 0.41 0.38 0.36 0.38 0.20 0.16 0.20 0.27
P 2.269 2.113 136.8 0.88 0.70 0.70 0.62 0.32 0.40 1.75 0.76 0.46 0.39 0.38 0.40 0.17 0.16 0.19 0.25
P 2.252 2.128 138.4 0.87 0.70 0.69 0.63 0.35 0.38 1.74 0.79 0.45 0.42 0.39 0.39 0.16 0.16 0.21 0.23
P 2.229 2.144 146.2 0.83 0.65 0.68 0.61 0.36 0.39 1.82 0.66 0.48 0.46 0.40 0.19 0.14 0.15 0.18 0.21
P 2.211 2.157 146.9 0.79 0.63 0.65 0.61 0.33 0.39 1.87 0.66 0.48 0.46 0.42 0.17 0.15 0.15 0.16 0.17
P 2.179 2.176 147.4 0.72 0.58 0.63 0.58 0.34 0.36 1.90 0.71 0.51 0.51 0.47 0.15 0.16 0.14 0.16 1.34
P 2.126 2.206 153.3 0.55 0.54 0.58 0.60 0.42 0.36 1.90 0.76 0.58 0.54 0.18 0.17 0.12 0.12 1.18 1.49
P 2.127 2.205 144.3 0.67 0.52 0.57 0.62 0.52 0.34 1.92 0.94 0.60 0.56 0.21 0.15 0.12 0.12 1.07 1.28
P 2.126 2.206 140.2 0.69 0.57 0.53 0.58 0.54 0.37 0.47 2.27 0.66 0.56 0.25 0.17 0.14 0.12 0.09 1.24
P 2.126 2.206 133.7 0.79 0.57 0.51 0.58 0.55 0.36 0.37 1.50 0.75 0.59 0.54 0.17 0.15 0.12 0.08 1.16
P 2.126 2.206 130.4 1.49 0.55 0.50 0.59 0.57 0.37 0.37 1.83 0.76 0.58 0.53 0.19 0.15 0.14 0.10 1.18
P 2.108 2.226 130.3 0.72 0.55 0.49 0.56 0.57 0.39 0.36 1.76 0.79 0.60 0.56 0.19 0.17 0.11 0.16 1.17
P 2.063 2.275 119.0 1.21 0.59 0.47 0.48 0.54 0.52 0.38 0.46 1.01 0.69 0.64 0.24 0.15 0.12 0.39 1.03
P 2.041 2.306 125.0 1.34 0.48 0.43 0.49 0.52 0.54 0.40 0.55 1.04 0.70 0.61 0.18 0.13 0.14 1.04 1.10
P 2.010 2.343 130.1 0.61 0.42 0.40 0.42 0.52 0.54 0.44 2.09 0.93 0.76 0.28 0.14 0.15 0.31 0.97 1.04
P 1.985 2.373 130.5 0.58 0.44 0.39 0.36 0.49 0.58 0.52 0.52 0.96 0.80 0.16 0.14 0.28 0.33 0.94 1.02
P 1.962 2.402 128.4 1.20 0.43 0.34 0.34 0.46 0.65 0.61 0.57 1.04 0.83 0.18 0.20 0.30 0.98 0.91 0.96
P 1.934 2.438 129.5 1.17 0.38 0.29 0.31 0.41 0.59 0.67 0.60 1.22 0.88 0.19 0.29 0.30 0.93 0.90 0.92
P 1.917 2.460 127.0 1.14 0.36 0.25 0.31 0.36 0.54 0.66 0.61 1.28 0.27 0.22 0.30 0.30 0.93 0.87 0.87
P 1.913 2.466 114.4 0.92 0.36 0.32 0.28 0.30 0.49 0.66 0.60 2.78 0.97 0.25 0.27 0.32 0.45 0.89 0.84
P 1.909 2.478 104.3 0.85 1.08 0.33 0.26 0.28 0.34 0.55 0.68 0.61 1.28 0.29 0.23 0.32 0.30 0.89 0.86
P 1.905 2.507 94.4 0.84 0.87 0.31 0.33 0.24 0.33 0.50 0.68 0.65 2.65 0.33 0.25 0.32 0.30 1.01 0.82
P 1.906 2.530 72.7 0.83 0.74 0.85 0.38 0.30 0.24 0.30 0.40 0.76 0.71 1.87 0.31 0.26 0.31 0.29 1.05
P 1.915 2.555 66.6 0.81 0.72 0.83 1.04 0.29 0.30 0.33 0.39 0.77 0.73 2.91 0.33 0.27 0.31 0.29 1.01
P 1.929 2.594 69.8 0.76 0.63 0.79 1.02 0.28 0.34 0.29 0.42 0.81 0.76 2.95 0.29 0.30 0.22 0.31 0.96
P 1.945 2.634 69.7 0.70 0.59 0.74 1.02 0.35 0.33 0.33 0.46 0.83 0.80 2.97 0.25 0.31 0.20 0.29 0.90
P 1.959 2.676 70.9 0.64 0.59 0.66 0.88 0.82 0.31 0.38 0.46 0.83 0.84 3.00 0.30 0.23 0.21 1.30 0.81
P 1.973 2.711 67.3 0.61 0.58 0.62 0.72 0.86 0.34 0.41 0.51 0.88 0.88 0.45 0.32 0.19 0.22 1.26 0.75
P 1.989 2.747 66.3 0.57 0.57 0.59 0.70 0.93 0.37 0.43 0.51 0.91 0.90 0.36 0.32 0.20 0.23 1.25 0.71
P 1.998 2.766 66.3 0.57 0.57 0.59 0.70 0.93 0.37 0.43 0.51 0.91 0.90 0.36 0.32 0.20 0.23 1.25 0.71
P 2.011 2.793 64.1 0.49 0.47 0.45 0.62 0.96 0.85 0.39 0.52 0.94 0.97 0.39 0.20 0.22 1.15 1.18 0.63
P 2.011 2.793 64.1 0.48 0.45 0.46 0.53 0.68 0.95 0.88 0.50 0.68 1.10 1.10 0.22 0.20 0.25 1.10 0.90
P 2.011 2.793 64.1 0.62 0.47 0.42 0.39 0.57 1.00 0.85 0.43 0.55 0.95 1.04 0.42 0.23 0.21 1.15 1.18
P 2.011 2.793 64.1 0.76 0.47 0.42 0.42 0.51 0.69 0.88 0.90 0.54 0.73 1.10 0.44 0.21 0.20 0.49 1.11
P 2.072 2.829 26.0 0.89 0.46 0.45 0.43 0.44 0.65 0.99 0.92 0.47 0.70 1.10 1.12 0.23 0.18 0.45 1.12
P 2.112 2.849 25.0 0.82 0.44 0.41 0.37 0.40 0.58 1.03 0.96 0.53 0.75 1.14 0.47 0.20 0.17 0.42 1.05
P 2.150 2.868 27.4 0.78 0.41 0.36 0.37 0.44 0.56 1.06 1.00 0.57 0.79 1.18 0.26 0.15 0.21 0.42 0.99
P 2.184 2.884 27.3 0.72 0.41 0.32 0.36 0.40 0.56 1.10 1.04 0.62 0.84 1.23 0.14 0.16 0.31 0.41 0.96
P 2.228 2.905 26.2 0.72 0.44 0.29 0.32 0.31 0.44 0.81 1.07 0.66 0.90 1.27 0.15 0.21 0.30 0.94 0.90
P 2.265 2.923 24.0 0.64 0.42 0.26 0.28 0.32 0.44 0.81 1.11 0.69 0.97 0.20 0.18 0.28 0.30 0.91 0.84
P 2.303 2.941 26.3 0.61 0.40 0.23 0.23 0.32 0.44 0.79 1.16 0.75 0.99 0.22 0.22 0.28 0.30 0.87 0.81
P 2.316 2.946 20.0 0.80 0.39 0.25 0.21 0.27 0.35 0.69 1.20 0.80 1.01 0.23 0.27 0.29 0.30 0.86 0.77
P 2.703 2.910 353.7 0.79 0.39 0.26 0.18 0.20 0.35 0.53 1.23 0.82 1.04 0.26 0.29 0.30 0.30 0.82 0.78
P 2.731 2.907 352.0 0.79 0.39 0.26 0.18 0.20 0.35 0.53 1.23 0.82 1.04 0.26 0.29 0.30 0.30 0.82 0.78
P 2.731 2.907 352.0 0.79 0.39 0.26 0.18 0.20 0.35 0.53 1.23 0.82 1.04 0.26 0.29 0.30 0.30 0.82 0.78
P 2.731 2.907 352.0 0.79 0.39 0.26 0.18 0.20 0.35 0.53 1.23 0.82 1.04 0.26 0.29 0.30 0.30 0.82 0.78
P 2.768 2.888 333.7 0.29 0.27 0.24 0.35 0.42 0.30 0.42 0.48 0.84 1.71 0.57 0.92 0.71 1.61 0.77 0.36
P 2.800 2.872 333.7 0.31 0.27 0.24 0.23 0.40 0.40 0.31 0.41 0.53 1.07 1.76 0.30 0.91 0.83 1.63 0.63
P 2.800 2.872 333.7 0.56 0.28 0.27 0.23 0.23 0.39 0.39 0.35 0.43 0.55 1.45 1.30 0.84 0.88 0.91 1.33
P 2.800 2.872 333.7 1.03 0.36 0.29 0.26 0.23 0.24 0.43 0.35 0.37 0.43 0.58 1.81 0.62 0.97 0.77 1.64
P 2.803 2.852 273.4 1.60 0.65 0.32 0.26 0.25 0.23 0.36 0.43 0.33 0.41 0.54 1.04 1.76 0.30 0.89 0.78
P 2.801 2.827 265.7 1.56 0.74 0.32 0.27 0.26 0.27 0.26 0.45 0.36 0.46 0.54 0.92 1.74 0.28 0.89 0.69
P 2.801 2.827 265.7 1.58 0.96 0.46 0.26 0.25 0.28 0.26 0.47 0.43 0.47 0.56 0.87 1.76 0.28 0.92 0.65
P 2.801 2.827 265.7 1.15 1.21 0.55 0.28 0.26 0.25 0.29 0.47 0.49 0.50 0.56 0.81 1.82 0.44 0.93 0.70
P 2.801 2.827 265.7 0.74 1.52 0.59 0.28 0.26 0.26 0.33 0.35 0.53 0.46 0.54 0.67 1.80 0.41 0.89 0.73
P 2.801 2.827 265.7 0.70 1.47 0.62 0.36 0.27 0.29 0.33 0.34 0.59 0.52 0.62 0.81 1.83 0.72 0.88 0.71
P 2.796 2.757 265.7 0.61 1.42 0.61 0.42 0.26 0.27 0.32 0.39 0.66 0.57 0.65 0.88 0.30 0.73 0.81 0.64
P 2.788 2.646 265.7 0.56 1.32 0.77 0.45 0.31 0.27 0.34 0.43 0.68 0.64 0.69 0.94 0.34 0.72 0.80 0.58
P 2.775 2.605 252.2 0.52 1.29 0.77 0.47 0.34 0.29 0.34 0.43 0.73 0.67 0.71 0.97 0.37 0.69 0.78 0.52
P 2.634 2.409 172.1 0.55 0.44 0.24 0.15 0.26 1.15 0.70 0.50 0.53 0.48 0.63 0.97 0.90 0.40 0.42 0.60
P 2.621 2.412 166.7 0.48 0.54 0.35 0.16 0.14 1.10 0.93 0.58 0.54 0.52 0.57 0.77 0.86 0.39 0.38 0.58
P 2.596 2.418 162.2 0.48 0.52 0.36 0.21 0.14 0.12 0.97 0.71 0.56 0.56 0.55 0.77 0.86 0.39 0.35 0.58
P 2.594 2.419 156.7 0.56 0.53 0.39 0.29 0.15 0.15 1.20 0.76 0.58 0.56 0.53 0.74 0.96 0.38 0.36 0.53
P 2.568 2.431 152.2 0.50 0.44 0.42 0.30 0.18 0.15 0.17 0.80 0.62 0.59 0.57 0.73 0.98 0.37 0.36 0.47
P 2.564 2.433 145.0 0.51 0.41 0.48 0.34 0.21 0.15 0.15 0.93 0.61 0.59 0.56 0.70 1.01 0.33 0.36 0.38
P 2.547 2.444 146.1 0.47 0.36 0.45 0.33 0.26 0.17 0.16 0.97 0.65 0.61 0.58 0.72 0.99 0.34 0.34 0.35
P 2.547 2.444 147.2 0.48 0.39 0.46 0.33 0.26 0.16 0.15 0.96 0.64 0.61 0.56 0.70 0.99 0.35 0.32 0.35
P 2.531 2.455 145.6 0.47 0.37 0.46 0.33 0.26 0.18 0.20 1.01 0.65 0.62 0.59 0.72 0.97 0.34 0.32 0.34
P 2.499 2.477 145.6 0.47 0.37 0.46 0.33 0.26 0.18 0.20 1.01 0.65 0.62 0.59 0.72 0.97 0.34 0.32 0.34
P 2.479 2.490 145.6 0.37 0.35 0.36 0.36 0.30 0.27 0.20 0.26 0.78 0.70 0.64 0.79 1.00 0.30 0.23 0.32
P 2.479 2.490 145.6 0.37 0.35 0.36 0.36 0.30 0.27 0.20 0.26 0.78 0.70 0.64 0.79 1.00 0.30 0.23 0.32
P 2.463 2.501 147.6 0.33 0.31 0.28 0.39 0.31 0.31 0.27 0.29 0.84 0.74 0.66 0.81 0.31 0.25 0.20 0.33
P 2.463 2.501 147.6 0.33 0.31 0.28 0.39 0.31 0.31 0.27 0.29 0.84 0.74 0.66 0.81 0.31 0.25 0.20 0.33
P 2.442 2.514 147.6 0.33 0.31 0.28 0.39 0.31 0.31 0.27 0.29 0.84 0.74 0.66 0.81 0.31 0.25 0.20 0.33
P 2.391 2.548 146.1 0.33 0.31 0.28 0.39 0.31 0.31 0.27 0.29 0.84 0.74 0.66 0.81 0.31 0.25 0.20 0.33
P 2.391 2.548 146.1 0.33 0.31 0.28 0.39 0.31 0.31 0.27 0.29 0.84 0.74 0.66 0.81 0.31 0.25 0.20 0.33
P 2.391 2.548 146.1 0.33 0.31 0.28 0.39 0.31 0.31 0.27 0.29 0.84 0.74 0.66 0.81 0.31 0.25 0.20 0.33
P 2.327 2.471 286.4 0.24 0.26 0.35 0.87 0.81 0.96 0.40 0.29 0.35 0.28 0.20 0.13 0.21 0.25 0.19 0.20
P 2.332 2.448 283.2 0.23 0.24 0.28 0.85 0.79 0.96 0.43 0.28 0.35 0.31 0.17 0.18 0.24 0.25 0.16 0.19
P 2.337 2.423 281.6 0.20 0.21 0.24 0.84 0.81 0.97 0.47 0.32 0.41 0.33 0.17 0.20 0.23 0.19 0.16 0.16
P 2.576 2.407 5.6 0.58 0.59 0.80 0.90 0.42 0.39 0.55 0.43 0.50 0.30 0.17 0.09 0.11 1.10 0.71 0.59
P 2.614 2.412 9.4 0.52 0.52 0.75 0.87 0.41 0.41 0.60 0.48 0.54 0.35 0.12 0.11 1.08 0.89 0.61 0.54
P 2.657 2.419 11.1 0.48 0.45 0.72 0.85 0.88 0.41 0.63 0.51 0.59 0.36 0.14 0.24 1.06 0.86 0.54 0.47
P 2.670 2.420 357.2 0.45 0.45 0.59 0.97 0.92 0.42 0.44 0.63 0.60 0.43 0.16 0.18 1.11 0.90 0.64 0.47
P 2.670 2.420 343.2 0.46 0.48 0.43 0.63 0.97 0.88 0.42 0.49 0.64 0.61 0.42 0.16 0.20 1.11 0.89 0.63
P 2.687 2.410 331.2 0.47 0.44 0.46 0.49 0.74 0.89 0.42 0.46 0.65 0.60 0.46 0.18 0.19 0.72 1.12 0.65
P 2.688 2.410 323.1 0.51 0.44 0.45 0.43 0.66 0.96 0.91 0.46 0.66 0.59 0.62 0.24 0.16 0.28 1.03 0.85
P 2.688 2.410 313.4 0.63 0.44 0.45 0.43 0.53 0.94 0.94 0.45 0.47 0.67 0.62 0.44 0.17 0.22 1.11 1.06
P 2.688 2.410 307.7 0.64 0.45 0.43 0.43 0.47 0.72 0.85 0.40 0.46 0.65 0.59 0.46 0.16 0.21 0.68 1.14
P 2.688 2.410 301.1 0.68 0.43 0.44 0.45 0.44 0.70 0.85 0.90 0.44 0.67 0.58 0.50 0.20 0.18 0.32 1.09
P 2.688 2.410 301.1 0.68 0.43 0.44 0.45 0.44 0.70 0.85 0.90 0.44 0.67 0.58 0.50 0.20 0.18 0.32 1.09
P 2.688 2.410 301.1 0.68 0.43 0.44 0.45 0.44 0.70 0.85 0.90 0.44 0.67 0.58 0.50 0.20 0.18 0.32 1.09
P 2.688 2.410 301.1 0.68 0.43 0.44 0.45 0.44 0.70 0.85 0.90 0.44 0.67 0.58 0.50 0.20 0.18 0.32 1.09
P 2.724 2.341 297.8 0.68 0.43 0.44 0.45 0.44 0.70 0.85 0.90 0.44 0.67 0.58 0.50 0.20 0.18 0.32 1.09
P 2.783 2.238 300.8 0.51 0.40 0.28 0.31 0.36 0.47 0.90 1.11 0.67 0.87 0.23 0.21 0.21 0.18 0.77 0.88
P 2.788 2.228 296.6 0.49 0.38 0.25 0.28 0.39 0.44 0.87 1.12 0.68 0.85 0.23 0.23 0.22 0.39 0.93 0.89
P 2.843 2.070 258.6 0.71 0.70 0.40 0.23 0.25 0.25 0.25 0.47 1.00 1.31 0.88 0.35 0.24 0.28 0.36 0.58
P 2.836 2.034 257.3 0.69 0.66 0.41 0.26 0.23 0.26 0.24 0.43 0.99 1.35 0.90 0.32 0.24 0.28 0.35 0.54
P 2.825 1.993 251.9 0.66 0.62 0.37 0.26 0.23 0.28 0.28 0.42 0.92 1.39 0.93 0.30 0.23 0.25 0.31 0.48
P 2.813 1.953 252.9 0.63 0.55 0.50 0.30 0.22 0.24 0.31 0.37 0.78 1.46 0.99 0.28 0.24 0.29 0.28 0.46
P 2.800 1.912 252.3 0.57 0.47 0.50 0.30 0.25 0.22 0.34 0.39 0.80 1.48 0.49 0.27 0.24 0.25 0.25 0.40
P 2.790 1.881 253.4 0.55 0.44 0.51 0.29 0.30 0.23 0.33 0.40 0.83 1.54 0.49 0.27 0.26 0.21 0.21 0.37
P 2.783 1.859 251.9 0.51 0.43 0.49 0.30 0.31 0.25 0.34 0.40 0.87 1.54 0.45 0.27 0.24 0.23 0.24 0.33
P 2.775 1.833 253.1 0.47 0.36 0.49 0.29 0.30 0.27 0.30 0.45 0.97 1.55 0.34 0.27 0.23 0.20 0.28 0.34
P 2.768 1.809 253.3 0.43 0.36 0.45 0.39 0.30 0.26 0.34 0.47 1.26 1.59 0.33 0.26 0.21 0.22 0.29 0.30
P 2.763 1.784 258.8 0.41 0.33 0.45 0.38 0.28 0.29 0.34 0.52 1.34 1.13 0.32 0.25 0.20 0.21 0.28 0.41
P 2.761 1.769 276.6 0.31 0.41 0.37 0.25 0.33 0.33 0.51 1.33 1.64 0.34 0.28 0.18 0.19 0.28 0.28 0.40
P 2.761 1.763 268.1 0.33 0.38 0.43 0.30 0.29 0.29 0.46 0.84 1.58 0.54 0.31 0.22 0.18 0.28 0.24 0.41
P 2.760 1.745 266.1 0.31 0.32 0.40 0.36 0.28 0.31 0.43 0.80 1.62 0.58 0.30 0.23 0.18 0.25 0.24 0.38
P 2.759 1.723 265.6 0.28 0.31 0.39 0.35 0.27 0.32 0.39 0.81 1.65 0.46 0.32 0.19 0.20 0.23 0.25 0.34
P 2.758 1.704 261.5 0.25 0.26 0.34 0.33 0.23 0.32 0.38 0.62 1.71 0.50 0.31 0.19 0.23 0.25 0.23 0.33
P 2.755 1.683 264.0 0.25 0.22 0.32 0.35 0.26 0.33 0.37 0.61 1.76 0.50 0.31 0.20 0.24 0.21 0.23 0.31
P 2.753 1.666 263.7 0.23 0.18 0.31 0.33 0.30 0.27 0.36 0.60 1.79 0.72 0.33 0.20 0.25 0.19 0.26 0.29
P 2.752 1.660 259.1 0.24 0.20 0.24 0.35 0.33 0.24 0.34 0.58 1.17 1.77 0.38 0.21 0.24 0.19 0.20 0.31
P 2.752 1.659 249.0 0.26 0.19 0.22 0.33 0.32 0.27 0.35 0.42 1.02 1.80 0.42 0.22 0.22 0.21 0.17 0.31
P 2.752 1.659 246.8 0.28 0.20 0.22 0.31 0.32 0.30 0.33 0.41 0.81 1.70 0.44 0.27 0.22 0.23 0.17 0.28
P 2.748 1.652 243.7 0.26 0.20 0.20 0.31 0.32 0.29 0.33 0.40 0.81 1.71 0.47 0.28 0.22 0.24 0.18 0.29
P 2.748 1.652 243.7 0.26 0.20 0.20 0.31 0.32 0.29 0.33 0.40 0.81 1.71 0.47 0.28 0.22 0.24 0.18 0.29
P 2.733 1.615 247.3 0.21 0.15 0.12 0.25 0.34 0.29 0.32 0.45 1.07 1.85 0.42 0.23 0.22 0.14 0.17 0.25
P 2.923 2.482 108.8 0.91 0.98 0.61 0.83 0.76 0.49 0.86 1.15 0.32 0.24 0.18 0.16 0.14 0.14 0.21 0.83
P 2.909 2.523 110.9 0.83 0.94 0.55 0.85 0.78 0.49 0.83 1.20 0.39 0.27 0.20 0.15 0.12 0.14 0.32 0.79
P 2.894 2.561 116.0 0.78 0.92 0.54 0.84 0.78 0.49 0.89 1.28 0.43 0.28 0.20 0.14 0.12 0.19 0.39 0.73
P 2.877 2.602 114.8 0.71 0.85 0.48 0.84 0.83 0.46 0.88 1.30 0.45 0.30 0.19 0.15 0.17 0.25 0.42 0.67
P 2.863 2.640 110.1 0.68 0.77 1.55 0.80 0.89 0.54 0.67 1.31 0.53 0.36 0.20 0.17 0.18 0.23 0.38 0.61
P 2.849 2.680 116.7 0.63 0.73 1.39 0.51 0.88 0.74 0.66 1.35 0.56 0.38 0.18 0.17 0.25 0.32 0.38 0.57
P 2.835 2.720 109.3 0.59 0.68 1.13 0.40 0.80 0.77 0.64 1.40 0.63 0.40 0.23 0.20 0.24 0.31 0.52 0.49
P 2.820 2.767 107.9 0.54 0.60 1.06 1.73 0.78 0.81 0.59 1.49 0.70 0.42 0.23 0.25 0.27 0.28 0.49 0.44
P 2.801 2.880 93.2 0.34 0.39 0.48 0.99 1.75 0.33 0.88 0.72 1.62 0.68 0.35 0.29 0.27 0.23 0.38 0.41
P 2.800 2.905 94.9 0.28 0.36 0.45 0.98 1.73 0.55 0.93 0.73 1.64 0.71 0.34 0.29 0.27 0.24 0.38 0.35
P 2.799 2.928 90.8 0.23 0.35 0.43 0.81 1.73 0.59 0.94 0.77 1.65 0.74 0.36 0.30 0.24 0.28 0.37 0.34
P 2.798 2.952 92.3 0.21 0.30 0.39 0.56 1.71 0.63 0.99 0.78 1.66 0.74 0.38 0.30 0.22 0.29 0.36 0.29
P 2.798 2.977 89.3 0.20 0.28 0.32 0.48 1.70 0.65 0.36 0.83 1.71 0.78 0.38 0.29 0.23 0.30 0.35 0.26
P 2.798 3.000 92.9 0.16 0.27 0.28 0.46 1.73 1.41 0.40 0.84 1.70 0.81 0.38 0.29 0.22 0.29 0.32 0.19
P 2.784 3.015 180.7 1.75 1.38 0.45 0.93 1.75 0.89 0.43 0.32 0.26 0.31 0.30 0.14 0.16 0.24 0.24 0.41
P 2.753 3.016 177.2 1.73 1.29 0.55 0.97 1.81 0.96 0.46 0.37 0.28 0.36 0.32 0.14 0.17 0.24 0.25 0.39
P 2.729 3.017 176.7 1.69 1.25 0.55 0.35 1.81 1.01 0.53 0.40 0.31 0.37 0.34 0.16 0.22 0.21 0.26 0.36
P 2.705 3.019 172.6 1.67 1.20 0.54 0.34 1.64 1.23 0.53 0.43 0.32 0.39 0.21 0.19 0.23 0.22 0.25 0.34
P 2.676 3.021 172.0 1.64 1.20 0.52 0.34 0.99 1.28 0.58 0.47 0.37 0.42 0.21 0.21 0.22 0.21 0.26 0.33
P 2.653 3.023 172.6 1.63 1.14 0.53 0.33 0.84 1.36 0.63 0.51 0.39 0.43 0.21 0.21 0.20 0.20 0.23 0.29
P 2.628 3.026 174.4 1.56 1.12 0.50 0.36 0.82 1.54 0.76 0.54 0.42 0.48 0.22 0.23 0.19 0.19 0.24 0.30
P 2.610 3.027 175.1 1.53 1.58 0.49 0.42 0.33 1.57 0.86 0.57 0.44 0.49 0.26 0.23 0.18 0.20 0.21 0.25
P 2.610 3.027 175.1 1.16 1.54 0.49 0.44 0.30 1.85 0.92 0.59 0.48 0.51 0.27 0.23 0.18 0.20 0.21 0.25
P 2.610 3.027 175.1 1.13 1.50 1.24 0.44 0.30 1.87 0.96 0.64 0.51 0.56 0.29 0.19 0.17 0.18 0.20 0.23
P 2.610 3.027 175.1 1.12 1.47 1.22 0.44 0.34 1.87 1.01 0.66 0.55 0.57 0.30 0.20 0.17 0.17 0.16 0.20
P 2.610 3.027 175.1 1.03 1.42 1.13 0.41 0.37 0.33 1.06 0.70 0.56 0.60 0.32 0.19 0.19 0.14 0.15 0.20
P 2.610 3.027 175.1 0.62 1.41 1.10 0.40 0.40 0.34 1.13 0.75 0.59 0.64 0.31 0.20 0.16 0.12 0.14 0.18
P 2.610 3.027 175.1 1.08 1.40 1.10 0.37 0.40 0.35 1.12 0.76 0.61 0.38 0.25 0.20 0.15 0.12 0.13 0.34
P 2.610 3.027 175.1 1.34 1.42 1.17 0.38 0.41 0.35 1.08 0.78 0.66 0.40 0.23 0.17 0.12 0.10 0.13 0.36
P 2.610 3.027 175.1 1.30 0.90 1.21 0.37 0.41 0.37 1.06 0.77 0.70 0.41 0.22 0.12 0.10 0.10 0.13 0.51
P 2.610 3.027 175.1 1.22 0.91 1.26 0.35 0.40 0.38 1.03 0.80 0.78 0.40 0.18 0.11 0.07 0.10 0.26 0.49
P 2.610 3.027 175.1 1.19 0.85 1.29 0.34 0.39 0.39 1.03 0.85 0.78 0.31 0.13 0.09 0.12 0.14 0.25 0.46
P 2.610 3.027 175.1 1.19 0.83 1.31 0.33 0.39 0.40 1.01 0.88 0.60 0.31 0.10 0.10 0.15 0.21 0.27 0.82
P 2.610 3.027 189.8 1.11 0.75 1.22 0.42 0.33 0.41 1.12 0.93 0.88 0.29 0.16 0.16 0.17 0.23 0.35 0.78
P 2.610 3.027 189.8 1.04 0.69 1.01 1.31 0.32 0.44 1.22 0.99 0.92 0.25 0.17 0.19 0.21 0.21 0.32 0.75
P 2.610 3.027 189.8 1.01 0.65 0.95 1.33 0.31 0.42 0.51 1.03 1.01 0.24 0.20 0.19 0.20 0.27 0.29 0.77
P 2.109 2.977 185.8 0.97 0.59 0.90 1.35 0.38 0.36 0.51 1.07 1.03 0.27 0.24 0.21 0.20 0.27 0.29 0.99
P 2.076 2.970 191.5 0.90 1.09 0.74 1.30 0.42 0.30 0.52 1.11 1.08 0.30 0.26 0.22 0.24 0.23 0.38 0.97
P 2.033 2.966 185.2 0.88 1.05 0.69 1.27 0.66 0.33 0.55 1.16 1.16 0.35 0.28 0.21 0.26 0.21 0.37 0.93
P 2.005 2.963 185.2 0.79 0.98 0.65 1.24 1.22 0.42 0.54 1.22 1.20 0.37 0.29 0.25 0.22 0.22 0.36 0.87
P 2.005 2.963 185.2 0.75 0.90 0.47 1.13 1.21 0.44 0.40 1.23 1.23 0.41 0.30 0.27 0.20 0.31 0.39 0.83
P 2.005 2.963 185.2 0.70 0.83 0.42 1.00 1.19 0.66 0.39 1.31 1.27 0.46 0.31 0.26 0.21 0.29 0.40 0.78
P 1.862 2.955 182.5 0.66 0.76 1.71 0.61 1.25 0.68 0.48 0.77 1.31 0.49 0.34 0.21 0.26 0.26 0.39 0.71
P 1.862 2.955 182.5 0.60 0.68 0.91 0.54 1.28 0.81 0.50 0.77 1.34 0.53 0.35 0.24 0.27 0.29 0.35 0.70
P 1.827 2.953 182.5 0.57 0.64 0.84 0.34 1.24 3.00 0.56 0.81 1.35 0.58 0.38 0.25 0.25 0.29 0.32 0.64
P 1.827 2.953 182.5 0.52 0.57 0.78 1.39 1.22 2.72 0.73 0.83 1.44 0.62 0.30 0.31 0.25 0.29 0.32 0.58
P 1.707 2.966 161.0 0.55 0.46 0.54 0.75 1.39 1.24 2.50 0.75 0.86 1.47 0.60 0.29 0.27 0.26 0.26 0.28
P 1.684 2.976 162.9 0.51 0.46 0.52 0.72 1.40 0.36 2.76 0.79 0.87 1.48 0.59 0.32 0.25 0.24 0.26 0.28
P 1.661 2.985 154.1 0.51 0.43 0.49 0.68 1.41 0.46 1.35 0.84 0.70 1.52 0.52 0.32 0.23 0.21 0.23 0.26
P 1.637 2.995 158.4 0.47 0.40 0.43 0.60 1.39 1.30 1.34 0.86 0.71 1.55 0.54 0.35 0.22 0.23 0.20 0.25
P 1.617 3.003 158.0 0.46 0.39 0.38 0.55 1.42 1.33 1.33 0.89 0.74 1.56 0.55 0.33 0.23 0.21 0.18 0.23
P 1.594 3.013 155.0 0.44 0.38 0.36 0.52 0.87 1.34 1.32 0.91 0.76 1.60 0.40 0.27 0.23 0.19 0.16 0.22
P 1.570 3.024 157.4 0.40 0.36 0.32 0.46 0.77 1.31 1.33 0.92 0.78 1.61 0.40 0.25 0.20 0.15 0.14 0.23
P 1.548 3.034 157.6 0.37 0.33 0.30 0.45 0.76 1.31 0.47 0.96 0.84 1.64 0.40 0.25 0.19 0.13 0.12 0.28
P 1.524 3.043 161.2 0.34 0.29 0.28 0.43 0.79 1.37 0.44 0.99 1.10 1.72 0.41 0.23 0.14 0.11 0.15 0.30
P 1.499 3.051 161.4 0.29 0.28 0.26 0.44 0.83 1.39 0.42 1.01 1.22 0.90 0.31 0.18 0.11 0.12 0.15 0.28
P 1.478 3.056 169.7 0.28 0.26 0.25 0.39 1.41 1.10 3.00 0.94 1.78 0.48 0.28 0.13 0.10 0.12 0.20 0.29
P 1.454 3.060 173.9 0.25 0.22 0.20 0.41 1.44 1.03 2.16 0.91 1.81 0.50 0.23 0.11 0.11 0.12 0.21 0.27
P 1.436 3.063 174.4 0.23 0.19 0.21 0.39 1.44 0.98 2.03 0.97 1.79 0.50 0.16 0.11 0.11 0.16 0.23 0.19
P 1.436 3.063 174.4 0.18 0.17 0.19 0.39 1.44 0.83 1.20 0.96 1.83 0.36 0.14 0.13 0.15 0.19 0.22 0.20
P 1.392 3.050 270.8 1.41 0.84 1.20 0.99 1.86 0.39 0.17 0.12 0.16 0.18 0.19 0.19 0.14 0.14 0.16 0.36
P 1.392 3.025 271.1 1.38 0.91 1.98 0.99 1.83 0.46 0.19 0.16 0.19 0.24 0.22 0.20 0.16 0.14 0.13 0.35
P 1.391 3.016 268.3 1.27 0.75 1.15 0.99 1.89 0.48 0.23 0.17 0.23 0.26 0.21 0.18 0.12 0.12 0.15 0.36
P 1.397 2.968 272.1 1.19 0.72 1.08 0.95 1.86 0.58 0.27 0.23 0.27 0.28 0.21 0.14 0.11 0.13 0.20 0.57
P 1.402 2.926 276.7 1.29 0.67 0.40 0.92 1.60 0.60 0.32 0.27 0.35 0.30 0.22 0.12 0.11 0.15 0.24 0.58
P 1.412 2.881 283.2 1.22 0.50 0.36 0.91 1.56 0.63 0.39 0.32 0.40 0.32 0.14 0.14 0.13 0.20 0.26 1.21
P 1.421 2.848 284.0 1.13 0.57 0.37 0.89 1.57 0.64 0.46 0.35 0.43 0.33 0.16 0.14 0.15 0.21 0.36 1.19
P 1.427 2.815 281.7 1.10 0.54 0.37 0.88 1.60 0.66 0.49 0.36 0.48 0.36 0.15 0.16 0.20 0.20 0.38 1.15
P 1.440 2.757 279.2 1.07 0.50 0.34 0.29 1.85 0.85 0.58 0.43 0.53 0.37 0.20 0.19 0.18 0.21 0.38 1.11
P 1.462 2.612 268.9 0.89 0.83 0.38 0.28 0.25 0.26 0.94 0.72 0.60 0.67 0.31 0.23 0.23 0.25 0.28 1.05
P 1.462 2.612 268.9 0.86 0.86 0.39 0.32 0.22 0.30 1.05 0.77 0.65 0.70 0.33 0.23 0.22 0.24 0.25 0.97
P 1.462 2.612 268.9 0.79 0.80 0.40 0.29 0.26 0.25 0.33 0.85 0.70 0.74 0.31 0.24 0.24 0.23 0.24 0.96
P 1.455 2.561 262.0 0.75 0.74 0.41 0.30 0.29 0.24 0.35 0.92 0.76 0.55 0.29 0.25 0.21 0.20 0.23 0.78
P 1.455 2.561 262.0 0.68 0.70 0.37 0.30 0.27 0.27 0.38 0.96 0.81 0.51 0.28 0.25 0.23 0.16 0.94 0.73
P 1.455 2.561 262.0 0.61 0.65 0.35 0.30 0.25 0.31 0.42 0.98 0.86 0.51 0.30 0.25 0.18 0.18 0.91 0.66
P 1.455 2.561 262.0 0.53 0.61 0.33 0.29 0.24 0.34 0.32 0.98 0.94 0.48 0.32 0.19 0.20 0.78 0.80 0.64
P 1.455 2.561 271.9 0.45 0.55 0.31 0.28 0.29 0.29 0.34 1.06 1.01 0.44 0.28 0.17 0.69 0.82 0.75 0.57
P 1.460 2.406 271.9 0.50 0.55 0.34 0.29 0.27 0.30 0.35 1.13 0.97 0.52 0.35 0.21 0.68 0.79 0.73 0.56
P 1.460 2.406 271.9 0.54 0.56 0.46 0.28 0.28 0.28 0.38 0.55 1.00 0.65 0.36 0.20 0.69 0.74 0.85 0.58
P 1.324 2.008 197.6 0.60 0.22 0.22 0.18 0.21 0.17 0.39 0.43 0.39 0.54 0.88 1.34 1.47 0.85 0.61 0.61
P 1.303 2.002 196.8 0.57 0.21 0.18 0.18 0.21 0.20 0.20 0.46 0.42 0.55 0.90 1.35 1.47 0.86 0.57 0.58
P 1.282 1.996 199.8 0.55 0.20 0.18 0.19 0.18 0.21 0.20 0.50 0.43 0.56 0.93 1.38 1.46 0.84 0.54 0.56
P 1.278 1.995 179.4 0.55 0.42 0.17 0.17 0.17 0.20 0.21 0.23 0.46 0.44 0.61 1.52 0.41 1.48 0.69 0.54
P 1.238 1.997 176.7 0.51 0.49 0.33 0.16 0.18 0.20 0.25 0.26 0.51 0.49 0.67 1.52 0.54 1.48 0.64 0.50
P 1.202 2.000 173.5 0.46 0.43 0.31 0.16 0.15 0.22 0.25 0.31 0.57 0.52 0.69 1.57 0.59 1.44 0.61 0.46
P 1.156 2.003 169.9 0.40 0.40 0.27 0.29 0.15 0.16 0.26 0.34 0.62 0.57 0.72 1.55 0.60 1.43 0.58 0.41
P 1.130 2.007 167.2 0.39 0.36 0.28 0.26 0.18 0.13 0.24 0.37 0.65 0.60 0.75 1.57 0.85 1.40 0.53 0.39
P 1.108 2.012 166.7 0.33 0.33 0.34 0.25 0.24 0.16 0.22 0.38 0.68 0.63 0.76 1.58 0.88 1.38 0.52 0.36
P 1.082 2.018 165.9 0.34 0.33 0.35 0.24 0.27 0.17 0.18 0.38 0.71 0.67 0.80 1.61 1.10 1.39 0.51 0.33
P 1.059 2.023 164.3 0.28 0.30 0.30 0.23 0.26 0.24 0.19 0.36 0.74 0.67 0.83 0.46 1.14 1.38 0.50 0.30
P 1.034 2.029 163.8 0.26 0.25 0.28 0.22 0.25 0.26 0.22 0.37 0.74 0.70 0.90 0.49 1.14 1.35 0.44 0.26
P 1.011 2.084 78.7 1.32 1.29 0.39 0.21 0.21 0.23 0.28 0.35 0.26 0.33 0.26 0.50 0.82 0.77 0.94 0.52
P 1.013 2.090 77.4 1.20 1.30 0.40 0.23 0.21 0.24 0.28 0.35 0.27 0.34 0.29 0.54 0.80 0.77 0.88 0.52
P 1.013 2.090 77.4 1.03 1.21 0.39 0.23 0.22 0.21 0.31 0.38 0.34 0.41 0.39 0.56 0.80 0.75 0.82 0.45
P 1.013 2.090 77.4 1.03 1.21 0.39 0.23 0.22 0.21 0.31 0.38 0.34 0.41 0.39 0.56 0.80 0.75 0.82 0.45
P 1.013 2.090 77.4 1.03 1.21 0.39 0.23 0.22 0.21 0.31 0.38 0.34 0.41 0.39 0.56 0.80 0.75 0.82 0.45
P 1.013 2.090 75.9 0.88 1.13 0.43 0.29 0.26 0.22 0.28 0.42 0.47 0.49 0.54 0.64 0.73 0.71 0.28 0.34
P 1.013 2.090 75.9 0.88 1.13 0.43 0.29 0.26 0.22 0.28 0.42 0.47 0.49 0.54 0.64 0.73 0.71 0.28 0.34
P 1.040 2.200 75.9 0.88 1.13 0.43 0.29 0.26 0.22 0.28 0.42 0.47 0.49 0.54 0.64 0.73 0.71 0.28 0.34
P 1.090 2.329 69.8 0.75 1.05 1.08 0.37 0.26 0.29 0.30 0.48 0.54 0.54 0.63 0.83 0.68 0.24 0.24 0.30
P 1.098 2.354 70.6 0.74 1.01 1.07 0.40 0.27 0.32 0.32 0.50 0.59 0.55 0.68 0.86 0.69 0.23 0.23 0.27
P 1.103 2.399 88.6 0.96 1.04 0.32 0.35 0.28 0.34 0.48 0.67 0.61 0.73 0.90 0.23 0.22 0.18 0.27 0.67
P 1.103 2.441 93.1 0.92 0.98 0.34 0.36 0.24 0.32 0.44 0.70 0.65 0.75 0.89 0.24 0.18 0.19 0.31 0.67
P 1.099 2.469 97.5 0.91 0.96 0.38 0.30 0.25 0.33 0.42 0.76 0.69 0.80 0.93 0.23 0.18 0.20 0.32 0.65
P 1.099 2.469 97.5 0.91 0.96 0.38 0.30 0.25 0.33 0.42 0.76 0.69 0.80 0.93 0.23 0.18 0.20 0.32 0.65
P 1.085 2.570 99.0 0.78 0.84 0.96 0.24 0.34 0.29 0.45 0.84 0.80 0.87 0.27 0.19 0.21 0.27 0.42 0.65
P 1.080 2.600 99.0 0.75 0.81 0.95 0.27 0.25 0.32 0.44 0.91 0.83 0.92 0.27 0.22 0.21 0.26 0.44 0.70
P 1.076 2.628 99.0 0.75 0.81 0.95 0.27 0.25 0.32 0.44 0.91 0.83 0.92 0.27 0.22 0.21 0.26 0.44 0.70
P 1.072 2.692 96.2 0.62 0.67 0.87 0.76 0.26 0.24 0.37 0.94 0.96 1.02 0.28 0.24 0.24 0.27 0.40 0.58
P 1.075 2.737 80.8 0.52 0.59 0.66 0.85 0.76 0.24 0.37 0.42 1.01 1.08 0.40 0.26 0.27 0.24 0.33 0.42
P 1.082 2.764 75.6 0.50 0.55 0.61 0.88 0.74 0.74 0.28 0.41 1.06 1.09 0.36 0.28 0.24 0.24 0.33 0.37
P 1.082 2.764 75.6 0.50 0.55 0.61 0.88 0.74 0.74 0.28 0.41 1.06 1.09 0.36 0.28 0.24 0.24 0.33 0.37
P 1.082 2.764 75.6 0.50 0.55 0.61 0.88 0.74 0.74 0.28 0.41 1.06 1.09 0.36 0.28 0.24 0.24 0.33 0.37
P 1.100 2.843 78.1 0.42 0.46 0.47 0.63 0.78 0.80 0.35 0.52 1.18 1.18 0.37 0.27 0.23 0.25 0.26 0.31
P 1.104 2.860 78.5 0.38 0.44 0.46 0.60 0.80 0.78 0.33 0.53 1.21 1.20 0.36 0.27 0.21 0.25 0.24 0.29
P 1.111 2.892 75.8 0.35 0.39 0.43 0.59 0.82 0.83 0.96 0.41 1.25 1.24 0.36 0.21 0.22 0.24 0.23 0.27
P 1.116 2.916 77.8 0.32 0.34 0.40 0.56 0.82 0.83 0.96 0.43 1.22 1.26 0.38 0.24 0.22 0.22 0.22 0.24
P 1.121 2.930 71.5 0.30 0.31 0.39 0.54 0.82 0.84 0.98 0.44 1.23 1.25 0.37 0.22 0.22 0.20 0.19 0.25
P 1.130 2.964 75.4 0.27 0.26 0.36 0.44 0.82 0.80 0.96 0.49 1.24 1.30 0.35 0.23 0.23 0.19 0.16 0.24
P 1.137 2.989 73.5 0.22 0.24 0.33 0.40 0.77 0.80 0.94 0.49 1.25 1.34 0.36 0.25 0.21 0.17 0.16 0.25
P 1.142 3.010 75.2 0.17 0.20 0.28 0.34 0.58 0.77 0.94 0.52 1.27 1.37 0.31 0.24 0.20 0.14 0.13 0.25
P 1.144 3.029 158.2 0.54 0.85 0.90 1.12 0.89 1.33 0.43 0.26 0.18 0.12 0.12 0.20 0.20 0.18 0.23 0.32
P 1.144 3.029 158.2 0.54 0.85 0.90 1.12 0.89 1.33 0.43 0.26 0.18 0.12 0.12 0.20 0.20 0.18 0.23 0.32
P 1.118 3.042 155.3 0.46 0.77 0.83 1.06 0.56 1.43 0.57 0.34 0.27 0.19 0.20 0.23 0.17 0.19 0.23 0.24
P 1.073 3.063 156.8 0.46 0.77 0.84 1.03 0.54 1.45 0.57 0.35 0.30 0.20 0.21 0.21 0.16 0.15 0.22 0.25
P 1.073 3.063 156.8 0.46 0.77 0.84 1.03 0.54 1.45 0.57 0.35 0.30 0.20 0.21 0.21 0.16 0.15 0.22 0.25
P 1.073 3.063 156.8 0.46 0.77 0.84 1.03 0.54 1.45 0.57 0.35 0.30 0.20 0.21 0.21 0.16 0.15 0.22 0.25
P 1.073 3.063 156.8 0.46 0.77 0.84 1.03 0.54 1.45 0.57 0.35 0.30 0.20 0.21 0.21 0.16 0.15 0.22 0.25
P 0.986 3.110 180.2 0.66 0.74 0.99 1.99 1.52 0.70 0.46 0.36 0.32 0.21 0.18 0.16 0.15 0.15 0.18 0.34
P 0.986 3.110 191.3 0.68 0.76 1.05 0.55 1.46 0.63 0.46 0.34 0.32 0.18 0.16 0.15 0.16 0.18 0.20 0.35
P 0.985 3.110 193.3 0.62 0.78 1.25 0.76 1.51 0.60 0.45 0.32 0.33 0.19 0.16 0.15 0.15 0.16 0.20 0.39
P 0.985 3.110 193.3 0.62 0.78 1.25 0.76 1.51 0.60 0.45 0.32 0.33 0.19 0.16 0.15 0.15 0.16 0.20 0.39
P 0.985 3.110 193.3 0.62 0.78 1.25 0.76 1.51 0.60 0.45 0.32 0.33 0.19 0.16 0.15 0.15 0.16 0.20 0.39
P 0.933 3.098 193.3 0.49 0.67 1.09 0.62 1.48 0.71 0.55 0.42 0.48 0.26 0.20 0.16 0.14 0.20 0.25 0.52
P 0.933 3.098 193.3 0.49 0.67 1.09 0.62 1.48 0.71 0.55 0.42 0.48 0.26 0.20 0.16 0.14 0.20 0.25 0.52
P 0.933 3.098 195.6 0.42 0.55 0.85 1.87 1.45 0.71 0.64 0.58 0.56 0.34 0.21 0.17 0.19 0.20 0.35 0.45
P 0.933 3.098 195.6 0.42 0.55 0.85 1.87 1.45 0.71 0.64 0.58 0.56 0.34 0.21 0.17 0.19 0.20 0.35 0.45
P 0.933 3.098 195.6 0.42 0.55 0.85 1.87 1.45 0.71 0.64 0.58 0.56 0.34 0.21 0.17 0.19 0.20 0.35 0.45
P 0.933 3.098 191.2 0.42 0.55 0.85 1.87 1.45 0.71 0.64 0.58 0.56 0.34 0.21 0.17 0.19 0.20 0.35 0.45
P 0.933 3.098 191.2 0.42 0.55 0.85 1.87 1.45 0.71 0.64 0.58 0.56 0.34 0.21 0.17 0.19 0.20 0.35 0.45
P 0.933 3.098 191.2 0.42 0.55 0.85 1.87 1.45 0.71 0.64 0.58 0.56 0.34 0.21 0.17 0.19 0.20 0.35 0.45
P 0.654 3.039 229.0 0.41 0.80 1.78 0.54 0.90 0.77 0.68 0.53 0.29 0.21 0.16 0.27 0.29 0.30 0.26 0.26
P 0.636 3.018 226.6 0.40 0.73 1.75 0.53 0.97 0.78 0.70 0.56 0.30 0.24 0.20 0.28 0.28 0.25 0.23 0.25
P 0.629 3.011 229.4 0.40 0.73 1.75 0.53 0.97 0.78 0.70 0.56 0.30 0.24 0.20 0.28 0.28 0.25 0.23 0.25
P 0.613 2.991 230.6 0.32 0.67 1.74 0.55 1.07 0.81 0.76 0.62 0.38 0.26 0.27 0.26 0.28 0.27 0.18 0.25
P 0.613 2.991 230.6 0.32 0.67 1.74 0.55 1.07 0.81 0.76 0.62 0.38 0.26 0.27 0.26 0.28 0.27 0.18 0.25
P 0.613 2.991 230.6 0.24 0.57 1.73 0.79 0.48 0.88 0.85 0.73 0.43 0.29 0.35 0.32 0.25 0.15 0.15 0.20
P 0.613 2.991 230.6 0.24 0.57 1.73 0.79 0.48 0.88 0.85 0.73 0.43 0.29 0.35 0.32 0.25 0.15 0.15 0.20
P 0.544 2.897 230.6 0.22 0.53 1.65 0.72 0.50 0.90 0.88 0.74 0.46 0.36 0.33 0.27 0.10 0.11 0.15 0.18
P 0.544 2.748 277.8 1.49 0.76 0.52 0.43 0.84 0.93 0.75 0.52 0.53 0.24 0.21 0.14 0.13 0.14 0.29 0.41
P 0.547 2.713 275.2 1.44 0.71 0.50 0.41 0.85 0.96 0.78 0.56 0.57 0.25 0.21 0.15 0.12 0.15 0.31 0.38
P 0.555 2.674 280.6 1.36 0.67 0.47 0.39 0.35 0.96 0.83 0.59 0.62 0.29 0.17 0.15 0.12 0.22 0.30 0.63
P 0.560 2.630 275.5 1.35 0.65 0.45 0.31 0.37 0.94 0.89 0.69 0.65 0.34 0.18 0.16 0.17 0.24 0.28 0.56
P 0.566 2.586 282.8 1.28 0.62 0.40 0.31 0.37 0.97 0.94 0.75 0.70 0.37 0.19 0.18 0.21 0.24 0.25 0.52
P 0.570 2.547 279.6 1.26 0.60 0.39 0.36 0.35 0.39 0.96 0.82 0.75 0.38 0.18 0.21 0.22 0.21 0.23 0.50
P 0.576 2.503 274.6 1.18 0.56 0.41 0.37 0.28 0.40 1.04 0.87 0.81 0.35 0.21 0.23 0.20 0.19 0.24 1.31
P 0.584 2.462 284.8 1.13 0.52 0.42 0.32 0.30 0.41 1.07 0.93 0.85 0.35 0.24 0.24 0.19 0.19 0.35 1.17
P 0.467 2.469 266.2 1.05 0.83 0.43 0.35 0.31 0.33 0.45 1.09 0.90 0.57 0.30 0.26 0.17 0.16 0.27 0.33
P 0.467 2.443 267.8 1.03 0.83 0.42 0.36 0.30 0.34 0.49 1.10 0.96 0.58 0.31 0.23 0.16 0.17 0.27 0.51
P 0.467 2.398 271.5 1.02 0.77 0.39 0.36 0.32 0.37 0.47 1.16 1.02 0.51 0.34 0.18 0.16 0.19 0.24 0.52
P 0.466 2.354 269.2 0.94 0.73 0.37 0.34 0.33 0.33 0.38 1.21 1.07 0.46 0.31 0.16 0.16 0.22 0.20 1.06
P 0.465 2.317 267.0 0.88 0.73 0.39 0.34 0.34 0.34 0.41 1.28 1.09 0.47 0.23 0.16 0.19 0.20 0.19 1.04
P 0.464 2.271 267.9 0.83 0.85 0.45 0.29 0.33 0.35 0.45 1.32 1.10 0.53 0.21 0.20 0.18 0.19 0.21 0.98
P 0.462 2.230 267.3 0.77 0.84 0.48 0.32 0.32 0.35 0.46 1.35 1.17 0.56 0.24 0.23 0.15 0.14 0.31 0.92
P 0.460 2.184 268.8 0.77 0.76 0.42 0.29 0.30 0.36 0.47 1.39 1.29 0.54 0.27 0.20 0.13 0.26 0.28 0.87
P 0.453 2.127 251.2 0.71 0.71 0.68 0.41 0.32 0.29 0.39 0.58 1.40 1.04 0.30 0.23 0.13 0.22 0.22 0.98
P 0.443 2.084 257.3 0.65 0.67 0.64 0.41 0.33 0.31 0.43 0.62 1.42 1.01 0.32 0.15 0.19 0.20 0.18 0.76
P 0.433 2.047 257.3 0.60 0.63 0.65 0.45 0.35 0.32 0.41 0.57 1.48 1.05 0.19 0.17 0.21 0.19 0.18 0.73
P 0.420 2.006 250.2 0.57 0.57 0.59 0.42 0.38 0.31 0.40 0.60 1.54 1.11 0.20 0.22 0.19 0.16 1.32 0.68
P 0.408 1.963 255.3 0.51 0.52 0.54 0.42 0.39 0.36 0.36 0.62 1.57 0.88 0.23 0.23 0.14 0.16 1.33 0.63
P 0.396 1.918 257.2 0.44 0.45 0.49 0.51 0.42 0.39 0.41 0.66 1.62 0.58 0.26 0.15 0.13 1.11 1.27 0.58
P 0.387 1.881 256.2 0.41 0.39 0.46 0.50 0.40 0.38 0.41 0.67 1.67 0.34 0.30 0.16 0.30 1.04 1.23 0.54
P 0.379 1.856 252.7 0.38 0.34 0.43 0.50 0.40 0.41 0.44 0.68 1.72 0.38 0.30 0.16 0.29 1.03 1.20 0.51
P 0.355 1.831 190.1 1.07 1.15 0.49 0.35 0.31 0.43 0.51 0.41 0.44 0.49 0.75 1.73 0.34 0.17 0.27 0.32
P 0.331 1.826 187.9 1.01 1.12 0.46 0.32 0.32 0.43 0.54 0.45 0.45 0.51 0.81 1.73 0.33 0.16 0.24 0.80
P 0.288 1.819 188.7 0.97 1.09 0.41 0.34 0.32 0.41 0.52 0.47 0.51 0.55 0.83 1.76 0.15 0.21 0.20 0.75
P 0.243 1.812 190.0 0.93 1.06 0.37 0.41 0.34 0.35 0.51 0.56 0.58 0.61 0.93 0.18 0.17 0.20 0.18 0.71
P 0.198 1.807 183.3 0.84 1.03 0.51 0.37 0.32 0.36 0.54 0.66 0.61 0.66 1.04 0.17 0.18 0.16 0.16 0.68
P 0.161 1.803 184.1 0.77 0.99 0.49 0.34 0.36 0.35 0.55 0.70 0.66 0.71 0.18 0.21 0.16 0.12 0.32 0.64
P 0.120 1.797 189.6 0.80 0.93 0.47 0.30 0.37 0.34 0.59 0.72 0.71 0.80 0.22 0.18 0.13 0.24 0.33 0.83
P 0.071 1.787 194.5 0.78 0.87 1.30 0.30 0.37 0.36 0.61 0.76 0.78 0.95 0.24 0.13 0.20 0.24 0.49 0.79
P 0.012 1.781 173.7 0.72 0.73 0.80 1.27 0.35 0.31 0.38 0.66 0.78 0.88 0.33 0.14 0.21 0.23 0.26 0.49
P -0.032 1.786 171.8 0.69 0.66 0.76 1.22 0.36 0.30 0.42 0.55 0.84 0.91 0.22 0.19 0.25 0.24 0.25 0.42
P -0.073 1.791 172.0 0.63 0.63 0.75 1.12 0.38 0.33 0.45 0.56 0.92 0.93 0.23 0.23 0.22 0.19 0.27 0.41
P -0.102 1.794 174.1 0.59 0.58 0.71 0.97 1.39 0.37 0.47 0.56 0.96 0.97 0.24 0.25 0.22 0.19 0.30 0.37
P -0.128 1.798 171.4 0.56 0.49 0.58 0.92 1.34 0.39 0.37 0.59 1.00 0.99 0.24 0.26 0.19 0.18 0.29 0.35
P -0.152 1.802 172.4 0.53 0.45 0.56 0.89 1.36 0.38 0.38 0.57 1.04 1.03 0.25 0.25 0.19 0.18 0.30 0.33
P -0.173 1.806 168.8 0.49 0.43 0.52 0.71 1.41 0.41 0.40 0.56 1.09 1.05 0.28 0.23 0.17 0.20 0.26 0.30
P -0.199 1.810 170.6 0.47 0.37 0.49 0.68 1.43 0.40 0.42 0.60 1.14 1.06 0.31 0.23 0.19 0.21 0.25 0.29
P -0.224 1.815 167.2 0.45 0.35 0.47 0.67 1.42 0.70 0.44 0.61 1.12 1.11 0.33 0.18 0.18 0.22 0.24 0.27
P -0.249 1.820 167.5 0.42 0.34 0.44 0.64 1.41 0.74 0.49 0.62 1.15 1.13 0.34 0.19 0.19 0.22 0.23 0.23
P -0.275 1.825 170.2 0.39 0.30 0.42 0.61 1.20 1.39 0.50 0.65 1.17 1.15 0.34 0.18 0.18 0.22 0.20 0.20
P -0.296 1.817 230.2 0.45 0.87 1.43 0.46 0.49 1.03 1.18 0.40 0.21 0.22 0.22 0.17 0.19 0.35 0.34 0.31
P -0.313 1.799 223.9 0.40 0.64 1.38 0.67 0.52 0.84 1.21 0.44 0.23 0.24 0.22 0.19 0.22 0.33 0.27 0.33
P -0.332 1.780 224.2 0.37 0.57 1.31 0.69 0.51 0.80 1.24 0.47 0.28 0.26 0.25 0.20 0.28 0.34 0.23 0.31
P -0.349 1.762 223.7 0.34 0.56 1.28 0.68 0.51 0.72 1.23 0.51 0.31 0.28 0.24 0.21 0.33 0.31 0.20 0.29
P -0.365 1.746 225.5 0.32 0.52 1.28 0.70 0.46 0.71 1.21 0.52 0.31 0.33 0.28 0.24 0.35 0.30 0.17 0.32
P -0.382 1.729 226.2 0.25 0.49 1.32 0.73 0.41 0.72 1.23 0.56 0.37 0.34 0.25 0.26 0.34 0.29 0.15 0.27
P -0.401 1.711 221.4 0.25 0.46 1.30 1.34 0.46 0.53 1.28 0.60 0.40 0.36 0.27 0.29 0.32 0.15 0.16 0.24
P -0.419 1.693 224.6 0.21 0.41 1.25 1.31 0.52 0.54 1.33 0.61 0.44 0.39 0.28 0.35 0.29 0.13 0.15 0.22
P -0.435 1.677 228.4 0.22 0.38 1.22 1.34 0.51 0.56 1.29 0.63 0.45 0.39 0.28 0.37 0.12 0.12 0.18 0.19
P -0.450 1.644 271.6 1.21 1.29 0.58 0.54 1.34 0.66 0.47 0.43 0.34 0.34 0.11 0.12 0.17 0.16 0.14 0.36
P -0.448 1.617 276.4 1.16 1.24 0.57 0.54 1.34 0.87 0.52 0.47 0.36 0.18 0.15 0.16 0.15 0.13 0.16 0.33
P -0.445 1.589 275.7 1.07 1.32 0.54 0.51 1.32 0.69 0.53 0.48 0.40 0.18 0.17 0.16 0.14 0.14 0.25 0.33
P -0.441 1.566 282.0 1.16 0.62 0.49 0.49 1.40 0.71 0.55 0.48 0.45 0.21 0.20 0.15 0.13 0.16 0.26 0.34
P -0.433 1.533 284.8 1.09 0.56 0.47 0.49 1.39 0.71 0.57 0.49 0.53 0.24 0.20 0.14 0.13 0.21 0.25 0.81
P -0.421 1.496 288.1 1.08 0.52 0.46 0.46 1.41 0.74 0.59 0.53 0.56 0.27 0.16 0.15 0.18 0.22 0.22 0.99
P -0.408 1.454 285.9 1.02 0.49 0.42 0.34 1.39 0.94 0.68 0.61 0.60 0.29 0.18 0.18 0.21 0.21 0.21 0.96
P -0.394 1.412 287.8 0.95 0.50 0.40 0.35 0.52 0.97 0.74 0.66 0.66 0.36 0.19 0.22 0.19 0.16 0.38 0.91
P -0.383 1.369 284.4 0.91 1.09 0.38 0.35 0.32 1.65 0.81 0.73 0.71 0.40 0.22 0.25 0.17 0.17 0.37 0.86
P -0.376 1.322 265.9 0.82 0.84 1.06 0.34 0.36 0.31 1.64 0.87 0.77 0.79 0.31 0.27 0.18 0.14 0.26 0.37
P -0.378 1.297 268.4 0.84 0.80 1.03 0.33 0.35 0.32 1.70 0.90 0.81 0.52 0.30 0.26 0.16 0.13 0.27 0.45
P -0.380 1.256 270.2 0.77 0.77 0.96 0.30 0.34 0.36 1.77 0.91 0.83 0.55 0.30 0.17 0.14 0.18 0.25 0.46
P -0.383 1.210 265.2 0.74 0.72 0.93 0.31 0.30 0.36 0.39 0.98 0.89 0.57 0.34 0.15 0.17 0.21 0.22 0.44
P -0.387 1.168 264.5 0.68 0.69 0.86 0.37 0.29 0.38 0.43 1.04 0.94 0.62 0.19 0.16 0.20 0.20 0.22 0.41
P -0.387 1.129 270.7 0.60 0.65 0.87 0.79 0.28 0.40 0.45 1.08 0.93 0.49 0.20 0.20 0.19 0.18 0.26 0.38
P -0.387 1.105 274.1 0.55 0.63 0.84 0.78 0.29 0.36 0.47 1.07 0.95 0.47 0.20 0.21 0.18 0.20 0.31 0.41
P -0.386 1.073 272.3 0.49 0.58 0.81 0.77 0.29 0.33 0.49 1.11 0.99 0.48 0.25 0.21 0.18 0.21 0.28 0.41
P -0.384 1.033 272.9 0.46 0.53 0.78 0.79 0.29 0.32 0.50 1.12 1.04 0.31 0.27 0.21 0.18 0.20 0.28 0.47
P -0.380 0.982 274.8 0.40 0.47 0.59 0.82 0.78 0.30 0.52 1.21 1.10 0.33 0.28 0.18 0.20 0.24 0.25 0.46
P -0.378 0.957 275.9 0.39 0.45 0.53 0.84 0.79 0.31 0.53 1.25 1.12 0.35 0.27 0.20 0.22 0.23 0.23 0.40
P -0.377 0.931 271.9 0.35 0.42 0.49 0.83 0.78 0.34 0.50 1.28 1.16 0.40 0.26 0.20 0.22 0.20 0.23 0.38
P -0.375 0.908 271.5 0.33 0.41 0.45 0.80 0.77 1.31 0.41 1.31 1.18 0.41 0.24 0.20 0.22 0.20 0.20 0.37
P -0.375 0.884 269.9 0.29 0.39 0.42 0.78 0.74 1.34 0.39 1.29 1.23 0.45 0.26 0.22 0.21 0.18 0.20 0.33
P -0.374 0.858 269.1 0.26 0.32 0.41 0.72 0.71 1.39 0.40 1.33 1.26 0.46 0.26 0.23 0.21 0.18 0.22 0.32
P -0.374 0.833 270.5 0.24 0.23 0.34 0.67 0.74 1.42 0.40 0.71 1.29 0.49 0.26 0.25 0.18 0.16 0.22 0.28
P -0.375 0.807 267.9 0.22 0.18 0.32 0.45 0.75 1.37 0.41 0.76 1.32 0.50 0.27 0.23 0.17 0.14 0.23 0.25
P -0.355 0.790 353.9 0.76 0.81 1.27 0.69 1.40 0.56 0.31 0.26 0.19 0.18 0.24 0.24 0.19 0.17 0.28 0.38
P -0.329 0.789 355.2 0.73 0.78 1.25 0.66 1.39 0.59 0.36 0.29 0.21 0.21 0.27 0.26 0.15 0.22 0.26 0.35
P -0.306 0.786 356.5 0.71 0.76 1.24 0.44 1.37 0.84 0.39 0.32 0.24 0.25 0.28 0.24 0.14 0.24 0.28 0.36
P -0.279 0.785 355.5 0.69 0.73 1.25 0.37 1.36 0.93 0.44 0.35 0.27 0.29 0.29 0.17 0.18 0.23 0.24 0.38
P -0.255 0.783 354.3 0.66 0.72 1.33 0.36 1.36 1.09 0.51 0.39 0.29 0.33 0.31 0.14 0.20 0.22 0.25 0.45
P -0.217 0.780 353.1 0.61 0.63 1.36 0.91 1.38 1.16 0.62 0.46 0.34 0.37 0.33 0.18 0.24 0.22 0.23 0.45
P -0.173 0.775 352.1 0.57 0.53 1.33 1.01 0.40 1.42 0.66 0.47 0.38 0.42 0.21 0.21 0.21 0.20 0.21 0.43
P -0.133 0.771 351.2 0.54 0.45 1.18 1.00 0.79 1.38 0.70 0.55 0.46 0.48 0.24 0.25 0.18 0.18 0.18 0.38
P -0.110 0.768 353.1 0.50 0.42 1.14 1.03 0.84 1.38 0.73 0.58 0.49 0.47 0.26 0.26 0.20 0.15 0.17 0.35
P -0.084 0.763 353.8 0.45 0.38 1.13 1.06 0.89 1.39 0.96 0.58 0.54 0.53 0.27 0.20 0.18 0.15 0.18 0.32
P -0.058 0.760 352.9 0.41 0.36 0.51 1.06 0.91 1.41 0.97 0.61 0.55 0.56 0.30 0.19 0.16 0.13 0.20 0.35
P -0.040 0.757 354.6 0.42 0.33 0.50 1.04 0.90 1.44 0.97 0.65 0.54 0.52 0.31 0.20 0.13 0.14 0.20 0.31
P -0.015 0.756 356.2 0.38 0.31 1.11 0.98 0.86 1.44 0.82 0.66 0.56 0.35 0.25 0.16 0.12 0.13 0.27 0.32
P 0.010 0.756 1.1 0.33 0.28 1.22 0.94 0.82 1.53 0.80 0.66 0.59 0.37 0.21 0.14 0.13 0.18 0.26 0.32
P 0.037 0.758 5.1 0.29 0.27 1.18 0.93 0.83 0.41 0.83 0.72 0.64 0.40 0.18 0.14 0.15 0.21 0.24 0.30
P 0.057 0.759 2.6 0.28 0.24 1.16 0.92 0.82 0.51 0.86 0.73 0.65 0.41 0.19 0.15 0.15 0.22 0.23 0.28
P 0.084 0.762 6.3 0.24 0.23 0.41 0.94 0.88 0.54 0.87 0.76 0.69 0.43 0.18 0.17 0.18 0.21 0.23 0.26
P 0.110 0.764 4.1 0.22 0.18 0.34 0.96 0.90 0.58 0.94 0.79 0.72 0.43 0.16 0.18 0.18 0.20 0.22 0.24
P 0.133 0.765 3.0 0.20 0.17 0.32 0.94 0.86 0.61 1.10 0.82 0.73 0.50 0.18 0.20 0.18 0.18 0.21 0.19
P 0.141 0.788 89.6 0.78 0.62 0.41 0.83 0.74 0.53 0.22 0.21 0.22 0.21 0.24 0.23 0.17 0.14 0.30 0.94
P 0.141 0.833 87.5 0.78 0.57 0.41 0.83 0.73 0.56 0.29 0.24 0.27 0.24 0.23 0.21 0.13 0.14 0.28 0.88
P 0.137 0.876 94.9 0.74 0.50 0.41 0.81 0.75 0.56 0.35 0.29 0.32 0.29 0.27 0.13 0.12 0.26 0.98 0.80
P 0.133 0.916 94.8 0.71 0.47 0.39 0.79 0.76 0.59 0.42 0.33 0.35 0.35 0.23 0.14 0.18 0.22 0.94 0.72
P 0.128 0.960 96.8 0.65 0.62 0.39 0.82 0.80 0.83 0.50 0.39 0.42 0.39 0.16 0.19 0.23 0.81 0.86 0.68
P 0.123 1.000 97.2 0.62 0.60 0.35 0.31 0.78 0.85 0.62 0.43 0.46 0.41 0.18 0.22 0.23 0.78 0.76 0.63
P 0.118 1.046 96.5 0.56 0.53 0.33 0.32 0.76 0.81 0.68 0.47 0.51 0.45 0.23 0.25 0.69 0.75 0.69 0.62
P 0.116 1.091 90.5 0.50 0.48 0.30 0.31 0.28 0.77 0.71 0.53 0.56 0.51 0.30 0.24 0.69 0.72 0.64 0.53
P 0.137 1.111 32.9 0.80 0.60 0.50 0.50 0.47 0.29 0.30 0.31 0.86 0.77 0.56 0.57 0.30 0.25 0.74 0.65
P 0.176 1.133 26.2 0.68 0.57 0.50 0.40 0.45 0.39 0.34 0.35 0.87 0.80 0.59 0.58 0.28 0.19 0.71 0.59
P 0.218 1.156 29.5 0.61 0.51 0.48 0.41 0.48 0.51 0.36 0.40 0.92 0.86 0.61 0.34 0.25 0.83 0.64 0.55
P 0.252 1.172 24.2 0.55 0.49 0.47 0.42 0.47 0.50 0.39 0.44 0.97 0.89 0.66 0.30 1.22 0.81 0.56 0.53
P 0.293 1.192 24.9 0.49 0.54 0.44 0.41 0.37 0.49 0.48 0.49 1.03 0.94 0.73 0.17 1.25 0.74 0.52 0.48
P 0.334 1.211 22.0 0.45 0.53 0.38 0.37 0.37 0.49 0.54 0.50 1.07 0.98 0.74 1.12 1.23 0.60 0.47 0.43
P 0.371 1.227 24.9 0.39 0.52 0.34 0.37 0.37 0.48 0.61 0.52 1.14 1.03 0.77 1.15 1.15 0.60 0.43 0.40
P 0.395 1.237 21.1 0.37 0.49 0.33 0.37 0.37 0.40 0.65 0.56 1.18 1.04 0.25 1.17 1.15 0.57 0.41 0.38
P 0.426 1.219 297.6 0.87 0.52 0.34 0.34 0.36 0.48 0.32 0.38 0.41 0.43 0.66 0.62 1.18 0.94 0.52 1.13
P 0.446 1.181 297.6 0.99 0.50 0.33 0.28 0.37 0.50 0.41 0.43 0.45 0.60 0.68 0.67 1.20 0.26 0.49 1.08
P 0.463 1.146 295.6 0.95 0.46 0.31 0.28 0.38 0.38 0.47 0.44 0.48 0.67 0.65 0.68 1.24 0.25 0.47 1.03
P 0.482 1.104 294.4 0.90 0.40 0.28 0.27 0.27 0.37 0.55 0.49 0.55 0.71 0.68 0.70 0.22 0.40 1.09 1.00
P 0.498 1.067 296.9 0.85 0.37 0.33 0.26 0.25 0.39 0.59 0.51 0.59 0.74 0.68 0.72 0.22 0.40 1.03 0.92
P 0.508 1.046 292.9 0.82 0.34 0.34 0.24 0.24 0.43 0.61 0.52 0.63 0.77 0.71 0.22 0.23 0.38 0.99 0.88
P 0.518 1.023 296.8 0.81 0.32 0.33 0.22 0.24 0.40 0.63 0.53 0.64 0.81 0.72 0.27 0.29 0.38 0.97 0.88
P 0.529 0.997 290.7 0.77 0.42 0.29 0.24 0.21 0.26 0.47 0.59 0.66 0.84 0.75 0.26 0.32 0.37 0.98 0.85
P 0.542 0.961 286.7 0.76 0.41 0.25 0.27 0.18 0.27 0.46 0.64 0.71 0.87 0.79 0.25 0.39 0.37 0.94 0.82
P 0.539 0.909 248.9 0.83 0.74 0.70 0.39 0.23 0.27 0.25 0.30 0.52 0.67 0.79 0.92 0.29 0.32 0.32 1.08
P 0.524 0.872 245.2 0.79 0.72 0.71 0.41 0.31 0.24 0.30 0.31 0.57 0.73 0.82 0.92 0.28 0.33 0.28 1.12
P 0.506 0.832 251.2 0.74 0.69 0.74 0.40 0.36 0.26 0.34 0.35 0.63 0.77 0.87 1.00 0.28 0.31 0.25 1.05
P 0.487 0.789 247.7 0.71 0.68 0.71 0.58 0.39 0.31 0.33 0.37 0.66 0.82 0.88 0.29 0.31 0.25 0.21 1.00
P 0.472 0.759 241.8 0.68 0.64 0.67 0.56 0.38 0.38 0.29 0.41 0.72 0.85 0.93 0.27 0.28 0.20 0.19 0.97
P 0.449 0.715 239.3 0.64 0.58 0.57 0.57 0.38 0.38 0.35 0.46 0.59 0.90 0.94 0.30 0.24 0.16 0.21 0.91
P 0.427 0.676 241.1 0.63 0.51 0.49 0.62 0.51 0.39 0.40 0.52 0.63 0.96 0.98 0.32 0.14 0.16 1.72 0.87
P 0.408 0.642 239.0 0.58 0.47 0.48 0.63 0.56 0.43 0.44 0.54 0.68 0.99 1.01 0.31 0.13 0.15 1.70 0.82
P 0.380 0.615 219.4 0.74 0.55 0.44 0.45 0.59 0.55 0.43 0.49 0.58 0.73 1.02 0.36 0.13 0.14 0.18 1.68
P 0.352 0.593 221.4 0.61 0.49 0.40 0.46 0.60 0.57 0.47 0.54 0.64 0.97 1.10 0.14 0.13 0.14 0.27 1.41
P 0.321 0.560 227.9 0.54 0.44 0.36 0.45 0.58 0.58 0.49 0.58 0.70 1.19 1.12 0.12 0.13 0.17 1.52 1.12
P 0.290 0.526 229.1 0.46 0.40 0.33 0.43 0.56 0.59 0.53 0.62 0.74 1.24 0.17 0.17 0.17 0.39 1.50 0.98
P 0.269 0.505 224.4 0.44 0.37 0.28 0.36 0.40 0.61 0.58 0.67 0.77 1.27 0.16 0.15 0.17 0.41 1.49 0.94
P 0.251 0.487 227.2 0.43 0.36 0.29 0.32 0.41 0.62 0.61 0.67 0.82 1.30 0.17 0.18 0.18 0.42 1.48 0.71
P 0.234 0.468 225.8 0.38 0.33 0.27 0.28 0.41 0.64 0.64 0.68 0.84 1.33 0.17 0.17 0.23 0.49 1.48 0.65
P 0.215 0.450 224.0 0.35 0.33 0.26 0.27 0.39 0.67 0.67 0.73 0.86 1.35 0.20 0.19 0.33 0.48 1.44 0.60
P 0.201 0.435 227.7 0.34 0.30 0.23 0.25 0.40 0.70 0.71 0.73 0.90 0.35 0.19 0.20 0.35 0.49 1.42 0.58
P 0.180 0.412 226.7 0.30 0.26 0.22 0.22 0.29 0.46 0.73 0.75 0.92 0.28 0.24 0.23 0.37 0.53 1.39 0.55
P 0.153 0.406 161.2 0.67 1.32 0.50 0.28 0.26 0.25 0.20 0.27 0.45 0.77 0.81 0.93 0.29 0.22 0.27 0.38
P 0.127 0.416 161.2 0.64 1.31 0.52 0.27 0.28 0.27 0.23 0.29 0.50 0.82 0.83 0.99 0.26 0.21 0.29 0.35
P 0.103 0.424 161.7 0.60 1.26 0.48 0.32 0.26 0.27 0.26 0.32 0.74 0.81 0.87 1.07 0.23 0.22 0.28 0.32
P 0.082 0.430 163.6 0.59 1.25 0.49 0.30 0.28 0.27 0.30 0.33 0.77 0.82 0.88 0.30 0.23 0.22 0.29 0.31
P 0.057 0.439 162.4 0.57 1.22 0.69 0.33 0.26 0.29 0.29 0.35 0.85 0.82 0.89 0.30 0.18 0.21 0.28 0.32
P 0.031 0.446 165.8 1.28 1.18 0.67 0.34 0.26 0.28 0.31 0.37 0.88 0.85 0.90 0.22 0.20 0.22 0.25 0.31
P 0.007 0.452 166.1 1.25 1.15 0.65 0.37 0.24 0.28 0.35 0.40 0.90 0.88 0.96 0.21 0.19 0.22 0.23 0.28
P -0.013 0.458 164.7 1.20 1.13 0.63 0.36 0.27 0.30 0.36 0.42 0.93 0.89 1.04 0.19 0.21 0.21 0.22 0.27
P -0.039 0.464 168.1 1.14 1.11 0.62 0.38 0.28 0.27 0.37 0.46 0.95 0.93 0.36 0.21 0.22 0.18 0.19 0.22
P -0.062 0.470 169.2 1.12 1.10 0.59 0.35 0.30 0.29 0.38 0.50 0.97 0.98 0.24 0.22 0.22 0.20 0.19 0.23
P -0.085 0.474 169.7 1.08 1.11 0.59 0.35 0.32 0.28 0.41 0.53 1.00 1.05 0.25 0.23 0.19 0.16 0.18 0.36
P -0.113 0.477 175.4 1.05 1.09 0.55 0.34 0.31 0.29 0.44 0.58 1.06 1.07 0.26 0.23 0.17 0.15 0.17 0.36
P -0.135 0.480 169.5 1.03 1.05 0.56 0.33 0.33 0.30 0.42 0.57 1.07 1.11 0.27 0.19 0.15 0.16 0.16 0.31
P -0.163 0.483 171.8 0.97 1.03 0.55 0.30 0.33 0.30 0.44 0.61 1.14 1.11 0.29 0.20 0.14 0.15 0.16 0.30
P -0.185 0.484 177.3 0.93 0.89 0.51 0.30 0.33 0.34 0.46 0.68 1.19 0.39 0.27 0.17 0.14 0.13 0.28 0.28
P -0.218 0.483 179.5 0.93 0.79 0.48 0.30 0.32 0.34 0.51 0.86 1.14 0.37 0.24 0.16 0.10 0.15 0.26 0.99
P -0.260 0.481 184.5 0.91 0.72 0.45 0.33 0.29 0.35 0.51 0.93 1.17 0.38 0.19 0.11 0.15 0.21 0.22 0.89
P -0.304 0.475 187.4 0.82 0.69 0.40 0.36 0.30 0.36 0.57 0.98 1.26 0.40 0.15 0.16 0.22 0.19 0.29 0.85
P -0.342 0.469 191.9 0.76 0.63 0.41 0.35 0.27 0.37 0.49 1.31 1.30 0.30 0.17 0.22 0.18 0.16 0.88 0.81
P -0.386 0.460 192.6 0.69 0.58 0.37 0.37 0.27 0.36 0.47 1.33 1.37 0.29 0.20 0.20 0.15 0.23 0.85 0.72
P -0.428 0.449 194.3 0.65 0.53 0.37 0.35 0.28 0.32 0.49 1.39 0.67 0.26 0.24 0.16 0.17 1.03 0.82 0.66
P -0.469 0.438 195.6 0.64 0.48 0.32 0.30 0.33 0.27 0.49 1.41 0.68 0.31 0.26 0.16 0.21 0.98 0.74 0.61
P -0.498 0.456 136.4 0.78 0.64 0.62 0.63 0.48 0.33 0.31 0.35 0.34 0.77 1.50 0.61 0.31 0.17 0.19 1.40
P -0.527 0.485 135.3 0.72 0.62 0.53 0.56 0.49 0.38 0.36 0.39 0.40 0.84 1.55 0.34 0.16 0.16 0.17 1.35
P -0.557 0.518 131.9 0.73 0.60 0.49 0.55 0.51 0.47 0.38 0.44 0.41 0.88 1.59 0.33 0.14 0.14 0.37 1.32
P -0.586 0.548 132.6 0.60 0.54 0.45 0.54 0.54 0.50 0.42 0.49 0.55 0.99 1.53 0.16 0.10 0.28 1.45 1.12
P -0.619 0.579 139.2 0.56 0.46 0.43 0.52 0.57 0.52 0.44 0.53 0.66 1.31 0.21 0.12 0.17 0.32 2.99 0.90
P -0.651 0.605 142.2 0.50 0.45 0.43 0.52 0.62 0.53 0.48 0.59 0.69 1.37 0.18 0.16 0.26 0.32 2.99 0.87
P -0.679 0.632 135.7 0.45 0.42 0.38 0.40 0.50 0.53 0.52 0.60 0.74 1.40 0.20 0.24 0.28 0.50 3.00 0.81
P -0.711 0.662 137.3 0.43 0.40 0.36 0.35 0.49 0.54 0.55 0.61 0.73 1.43 0.22 0.26 0.31 0.52 3.00 0.79
P -0.721 0.697 100.9 1.92 0.57 0.37 0.39 0.35 0.36 0.51 0.59 0.58 0.71 0.92 0.24 0.23 0.28 0.29 0.77
P -0.728 0.739 99.7 2.16 0.55 0.36 0.35 0.33 0.39 0.54 0.61 0.64 0.77 0.95 0.25 0.26 0.25 0.34 0.74
P -0.734 0.778 99.4 2.69 0.63 0.37 0.35 0.35 0.39 0.58 0.66 0.69 0.79 1.01 0.24 0.25 0.22 0.37 0.70
P -0.737 0.819 91.1 2.81 0.63 0.38 0.30 0.36 0.36 0.46 0.72 0.72 0.82 0.32 0.27 0.24 0.23 0.35 0.67
P -0.741 0.861 99.6 2.76 0.57 0.36 0.28 0.34 0.37 0.47 0.77 0.77 0.89 0.32 0.26 0.22 0.25 0.36 0.62
P -0.747 0.905 101.9 2.55 0.53 0.36 0.28 0.30 0.37 0.51 0.85 0.85 0.92 0.35 0.24 0.22 0.28 0.35 0.80
P -0.752 0.947 99.2 2.24 0.49 0.32 0.28 0.27 0.37 0.51 0.87 0.86 0.97 0.37 0.22 0.23 0.29 0.49 0.77
P -0.752 1.020 81.1 0.95 1.45 0.40 0.30 0.28 0.26 0.39 0.57 0.93 0.99 0.49 0.27 0.23 0.24 0.26 0.44
P -0.745 1.063 80.8 0.90 1.40 0.38 0.35 0.26 0.27 0.38 0.58 0.98 1.05 0.47 0.26 0.23 0.22 0.28 0.41
P -0.741 1.090 81.2 1.32 1.36 0.46 0.36 0.28 0.30 0.36 0.61 1.00 1.08 0.46 0.26 0.25 0.22 0.34 0.38
P -0.738 1.114 85.9 1.32 1.08 0.46 0.37 0.28 0.31 0.35 0.64 1.04 1.13 0.33 0.24 0.21 0.20 0.35 0.35
P -0.734 1.140 81.4 1.59 1.01 0.45 0.33 0.27 0.33 0.34 0.69 1.10 1.16 0.32 0.24 0.21 0.21 0.31 0.36
P -0.732 1.173 87.4 1.79 0.96 0.42 0.31 0.31 0.32 0.35 0.72 1.15 1.19 0.33 0.24 0.21 0.25 0.30 0.45
P -0.729 1.216 84.7 2.29 0.91 0.41 0.28 0.33 0.30 0.40 0.78 1.21 0.73 0.33 0.20 0.22 0.26 0.24 0.45
P -0.727 1.260 87.3 2.24 0.89 0.39 0.28 0.32 0.28 0.41 0.77 1.29 0.71 0.31 0.20 0.26 0.24 0.21 0.42
P -0.724 1.296 87.9 2.21 0.85 0.38 0.33 0.26 0.33 0.42 0.81 1.33 0.72 0.28 0.25 0.25 0.20 0.25 0.39
P -0.723 1.335 89.5 2.21 0.77 0.35 0.31 0.24 0.35 0.45 0.92 1.33 0.47 0.27 0.29 0.20 0.17 0.28 0.37
P -0.724 1.369 93.8 2.16 0.73 0.34 0.29 0.26 0.33 0.45 0.96 1.36 0.48 0.29 0.27 0.18 0.19 0.29 0.54
P -0.727 1.409 92.6 2.09 0.69 0.34 0.31 0.28 0.34 0.44 1.02 1.40 0.48 0.31 0.20 0.18 0.20 0.25 0.50
P -0.731 1.448 96.2 2.04 0.63 0.31 0.28 0.27 0.30 0.43 1.09 1.44 0.42 0.34 0.17 0.20 0.23 0.25 0.46
P -0.735 1.492 92.9 2.00 0.59 0.36 0.26 0.28 0.27 0.45 1.11 1.51 0.41 0.25 0.20 0.21 0.23 0.39 0.60
P -0.741 1.535 97.6 1.97 0.58 0.40 0.25 0.27 0.33 0.46 1.15 1.56 0.46 0.21 0.22 0.21 0.18 0.37 0.79
P -0.747 1.577 102.3 1.94 0.54 0.40 0.24 0.24 0.31 0.48 1.21 1.62 0.48 0.24 0.23 0.17 0.24 0.31 0.79
P -0.754 1.620 97.1 1.89 0.51 0.40 0.25 0.22 0.27 0.37 1.25 1.67 0.52 0.29 0.22 0.17 0.32 0.29 0.78
P -0.760 1.669 98.8 1.83 0.50 0.38 0.30 0.22 0.24 0.39 1.13 1.75 0.57 0.31 0.19 0.24 0.28 0.27 0.96
P -0.765 1.716 98.4 1.74 0.62 0.33 0.32 0.24 0.21 0.39 0.90 1.77 0.43 0.34 0.23 0.29 0.23 0.32 0.90
P -0.768 1.754 92.7 1.69 0.59 0.34 0.29 0.27 0.24 0.36 0.89 1.81 0.44 0.26 0.26 0.25 0.18 0.33 0.88
P -0.774 1.801 98.8 1.68 0.56 0.32 0.28 0.30 0.27 0.33 0.96 1.88 0.48 0.28 0.29 0.18 0.24 0.47 0.84
P -0.781 1.845 99.5 1.64 0.51 0.27 0.27 0.30 0.30 0.32 1.04 1.96 0.50 0.32 0.24 0.19 0.25 0.48 0.98
P -0.788 1.881 97.4 1.59 0.48 0.25 0.26 0.27 0.32 0.34 1.02 2.01 0.49 0.34 0.20 0.22 0.28 0.46 1.00
P -0.797 1.921 97.8 1.56 0.47 0.26 0.24 0.25 0.29 0.34 0.89 2.02 0.55 0.37 0.22 0.23 0.31 0.44 0.94
P -0.802 1.967 98.8 1.47 0.44 0.28 0.21 0.24 0.27 0.37 0.71 2.09 0.59 0.25 0.27 0.25 0.37 0.42 0.89
P -0.796 1.992 61.0 0.59 1.39 0.98 0.40 0.27 0.21 0.26 0.33 0.44 1.93 0.99 0.42 0.25 0.24 0.29 0.36
P -0.784 2.014 64.3 0.58 1.36 0.98 0.39 0.29 0.23 0.27 0.35 0.45 2.10 0.96 0.43 0.26 0.21 0.30 0.34
P -0.772 2.036 63.2 0.53 1.35 0.97 0.43 0.33 0.23 0.26 0.36 0.49 2.11 0.74 0.29 0.26 0.23 0.29 0.34
P -0.759 2.059 59.5 0.55 1.30 1.16 0.41 0.33 0.25 0.26 0.37 0.50 2.12 0.74 0.28 0.19 0.21 0.27 0.31
P -0.747 2.081 60.5 0.48 1.28 1.18 0.44 0.36 0.29 0.29 0.37 0.55 2.18 0.76 0.27 0.22 0.21 0.27 0.27
P -0.735 2.101 57.7 0.43 1.27 1.36 0.54 0.38 0.33 0.29 0.39 0.54 2.22 0.78 0.26 0.20 0.20 0.24 0.26
P -0.723 2.121 55.3 0.41 1.25 1.35 0.58 0.34 0.34 0.31 0.40 0.57 2.09 0.57 0.25 0.21 0.22 0.23 0.24
P -0.708 2.144 56.9 0.35 1.23 1.29 0.58 0.38 0.36 0.34 0.43 0.60 2.10 0.59 0.23 0.20 0.23 0.20 0.19
P -0.695 2.165 55.0 0.33 0.61 1.24 0.60 0.39 0.38 0.35 0.42 0.65 2.12 0.40 0.22 0.21 0.21 0.17 0.15
P -0.690 2.180 77.1 0.42 1.23 0.77 0.43 0.39 0.36 0.40 0.63 1.40 0.88 0.22 0.21 0.21 0.17 0.15 0.18
P -0.683 2.206 72.3 0.39 1.20 0.79 0.46 0.38 0.39 0.40 0.65 1.40 0.90 0.23 0.22 0.20 0.14 0.14 0.22
P -0.676 2.229 75.3 0.38 1.17 0.75 0.47 0.37 0.41 0.40 0.68 1.51 0.44 0.25 0.20 0.15 0.14 0.13 0.28
P -0.672 2.253 79.9 0.52 1.13 0.70 0.46 0.38 0.40 0.41 0.71 2.23 0.42 0.25 0.19 0.14 0.10 0.12 0.29
P -0.669 2.278 83.4 1.05 1.15 0.60 0.43 0.38 0.42 0.47 0.77 2.38 0.32 0.25 0.15 0.10 0.09 0.16 0.26
P -0.668 2.303 88.2 1.03 1.16 0.52 0.42 0.35 0.41 0.49 0.82 2.45 0.33 0.22 0.12 0.10 0.10 0.21 0.25
P -0.668 2.329 90.9 1.04 0.96 0.49 0.39 0.37 0.45 0.53 0.96 2.48 0.32 0.17 0.10 0.10 0.15 0.23 0.25
P -0.670 2.354 95.3 1.05 0.88 0.47 0.40 0.37 0.45 0.59 1.19 0.59 0.34 0.13 0.09 0.12 0.16 0.20 0.40
P -0.675 2.387 100.6 1.01 0.84 0.46 0.42 0.35 0.46 0.59 1.44 0.59 0.36 0.13 0.12 0.17 0.19 0.17 0.40
P -0.679 2.411 98.5 0.97 0.82 0.42 0.42 0.34 0.46 0.58 1.25 0.62 0.33 0.14 0.14 0.17 0.16 0.16 0.37
P -0.683 2.436 94.8 0.96 0.83 0.49 0.42 0.34 0.44 0.57 1.25 0.66 0.36 0.16 0.18 0.18 0.16 0.15 0.35
P -0.686 2.465 94.8 0.91 0.78 0.48 0.38 0.34 0.41 0.57 1.28 0.67 0.23 0.18 0.18 0.16 0.13 0.26 0.90
P -0.696 2.522 98.7 0.82 0.70 0.45 0.34 0.37 0.41 0.60 1.81 0.60 0.25 0.20 0.15 0.12 0.22 0.25 0.78
P -0.707 2.565 107.9 0.77 0.66 0.42 0.32 0.36 0.38 0.64 2.57 0.63 0.30 0.21 0.11 0.19 0.21 0.23 0.71
P -0.717 2.605 100.3 0.75 0.62 0.41 0.32 0.37 0.37 0.63 2.35 0.68 0.32 0.17 0.15 0.22 0.19 0.78 0.70
P -0.727 2.648 102.4 0.67 0.60 0.41 0.35 0.29 0.39 0.62 1.49 0.77 0.35 0.18 0.20 0.18 0.17 0.73 0.65
P -0.736 2.689 100.8 0.64 0.56 0.37 0.30 0.29 0.40 0.61 1.53 0.79 0.37 0.24 0.23 0.17 0.21 0.71 0.59
P -0.746 2.730 106.7 0.57 0.50 0.35 0.34 0.30 0.40 0.62 2.75 0.80 0.25 0.27 0.18 0.20 0.87 0.68 0.59
P -0.758 2.771 104.1 0.52 0.47 0.33 0.32 0.28 0.36 0.51 2.08 0.86 0.30 0.29 0.20 0.77 0.87 0.57 0.52
P -0.749 2.830 38.1 0.77 0.49 0.44 0.47 0.53 0.41 0.30 0.33 0.36 0.54 1.73 0.91 0.35 0.19 1.22 0.71
P -0.711 2.859 37.8 0.73 0.51 0.39 0.46 0.55 0.43 0.34 0.38 0.39 0.60 1.76 0.64 0.34 0.16 1.19 0.66
P -0.676 2.884 36.7 0.70 0.49 0.34 0.45 0.51 0.45 0.40 0.43 0.45 0.65 2.19 0.38 0.16 1.29 0.66 0.61
P -0.640 2.908 33.9 0.67 0.43 0.34 0.39 0.44 0.52 0.48 0.43 0.51 0.72 2.21 0.22 0.74 1.28 0.61 0.55
P -0.605 2.932 34.3 0.61 0.39 0.30 0.31 0.44 0.58 0.52 0.47 0.54 0.78 2.07 0.32 0.75 1.26 0.57 0.53
P -0.582 2.946 31.5 0.58 0.35 0.28 0.30 0.41 0.63 0.52 0.50 0.57 0.80 2.12 0.63 0.76 1.24 0.52 0.48
P -0.560 2.960 30.4 0.56 0.32 0.27 0.27 0.41 0.51 0.54 0.51 0.60 0.82 2.11 0.63 0.78 1.24 0.54 0.47
P -0.539 2.972 27.4 0.52 0.31 0.32 0.25 0.33 0.49 0.56 0.55 0.61 0.84 0.28 0.67 0.81 1.23 0.50 0.42
P -0.518 2.985 33.2 0.48 0.28 0.31 0.23 0.25 0.48 0.56 0.59 0.66 0.88 0.33 0.69 0.84 1.22 0.47 0.39
P -0.500 2.996 27.1 0.46 0.27 0.28 0.23 0.26 0.47 0.58 0.60 0.68 0.93 0.38 0.71 1.44 1.20 0.46 0.40
P -0.474 2.976 308.3 1.44 1.10 0.43 0.36 0.47 0.25 0.31 0.24 0.31 0.52 0.63 0.62 0.68 1.14 0.39 0.75
P -0.450 2.941 302.6 1.37 1.09 0.40 0.34 0.44 0.44 0.30 0.33 0.34 0.60 0.66 0.67 0.75 0.30 0.55 0.67
P -0.427 2.906 305.4 1.30 1.05 0.34 0.37 0.38 0.45 0.32 0.37 0.38 0.62 0.73 0.69 0.83 0.30 0.60 0.66
P -0.405 2.872 299.4 1.27 1.04 0.32 0.38 0.32 0.50 0.35 0.42 0.43 0.69 0.76 0.72 0.27 0.29 0.57 0.61
P -0.382 2.831 299.3 1.19 0.99 0.81 0.31 0.30 0.48 0.52 0.48 0.48 0.73 0.79 0.75 0.27 0.43 0.53 0.56
P -0.360 2.795 300.6 1.18 0.94 0.75 0.26 0.35 0.35 0.52 0.47 0.52 0.80 0.83 0.26 0.26 0.41 0.46 0.51
P -0.338 2.757 300.1 1.12 0.95 0.73 0.74 0.29 0.34 0.57 0.51 0.55 0.84 0.83 0.30 0.27 0.40 0.43 0.44
P -0.312 2.704 280.4 0.38 1.06 0.83 0.68 0.74 0.24 0.36 0.63 0.63 0.68 0.96 0.33 0.28 0.41 0.41 0.41
P -0.307 2.675 279.2 0.34 1.02 0.82 0.66 0.73 0.25 0.39 0.64 0.63 0.73 0.96 0.34 0.27 0.37 0.37 0.36
P -0.302 2.650 281.1 0.32 0.97 0.84 0.69 0.73 0.87 0.40 0.68 0.64 0.74 0.98 0.35 0.29 0.35 0.34 0.34
P -0.298 2.626 277.8 0.29 0.95 0.90 0.72 0.74 0.87 0.40 0.73 0.67 0.78 0.98 0.32 0.34 0.34 0.31 0.33
P -0.293 2.602 280.7 0.26 0.92 0.91 0.74 0.72 0.90 0.33 0.74 0.70 0.81 1.00 0.28 0.37 0.33 0.28 0.32
P -0.289 2.580 278.0 0.23 0.28 0.88 0.75 0.68 0.82 0.33 0.56 0.71 0.83 0.99 0.27 0.35 0.33 0.25 0.28
P -0.285 2.552 274.0 0.20 0.24 0.82 0.73 0.66 0.77 3.00 0.55 0.72 0.87 0.44 0.31 0.36 0.34 0.23 0.26
P -0.283 2.528 277.5 0.17 0.19 0.80 0.73 0.64 0.76 3.00 0.55 0.74 0.91 0.45 0.32 0.34 0.31 0.23 0.22
P -0.256 2.508 331.9 0.78 0.68 0.69 0.93 0.37 0.83 0.89 1.07 0.37 0.38 0.35 0.23 0.20 0.15 0.14 0.84
P -0.222 2.491 333.9 0.70 0.64 0.62 0.84 2.99 0.86 0.91 1.12 0.39 0.44 0.32 0.23 0.15 0.12 0.14 0.84
P -0.183 2.472 337.2 0.60 0.61 0.60 0.86 3.00 0.65 0.92 1.18 0.43 0.42 0.30 0.18 0.12 0.12 0.63 0.79
P -0.143 2.457 339.6 0.53 0.55 0.56 0.86 3.00 0.62 0.95 1.34 0.50 0.47 0.29 0.12 0.11 0.58 0.70 0.64
P -0.100 2.443 344.7 0.49 0.47 0.51 0.70 3.00 0.62 0.99 1.37 0.56 0.52 0.13 0.12 0.57 0.54 0.67 0.59
P -0.058 2.429 343.4 0.42 0.46 0.41 0.64 2.99 0.56 1.04 1.42 0.60 0.44 0.14 0.75 0.57 0.51 0.61 0.54
P -0.018 2.415 338.8 0.40 0.42 0.36 0.57 3.00 3.00 0.99 1.37 0.66 0.48 0.64 0.77 0.57 0.51 0.59 0.50
P 0.005 2.406 340.5 0.35 0.38 0.34 0.53 2.99 3.00 0.98 1.35 0.67 0.49 0.67 0.77 0.56 0.51 0.57 0.48
P 0.015 2.375 248.3 0.54 0.50 0.53 0.43 0.33 0.36 0.35 0.51 1.07 3.00 0.99 1.41 0.71 0.21 0.66 0.68
P -0.001 2.337 245.8 0.47 0.40 0.48 0.41 0.42 0.36 0.39 0.44 0.95 3.00 1.02 1.45 0.71 0.67 0.65 0.63
P -0.013 2.307 247.2 0.45 0.38 0.48 0.46 0.43 0.37 0.43 0.47 0.98 2.99 1.09 1.46 0.21 0.65 0.65 0.54
P -0.023 2.283 247.2 0.42 0.34 0.49 0.51 0.44 0.36 0.43 0.47 1.00 2.99 1.12 1.51 0.29 0.64 0.65 0.50
P -0.032 2.262 243.6 0.40 0.34 0.45 0.53 0.39 0.39 0.45 0.48 1.00 3.00 1.15 1.54 0.32 0.64 0.65 0.47
P -0.042 2.239 248.7 0.35 0.30 0.42 0.44 0.39 0.41 0.46 0.50 1.03 3.00 1.16 0.20 0.34 0.61 0.64 0.40
P -0.053 2.215 241.8 0.33 0.27 0.37 0.39 0.38 0.47 0.46 0.53 1.07 2.99 1.21 0.27 0.37 0.59 0.64 0.37
P -0.064 2.192 242.7 0.31 0.27 0.27 0.40 0.41 0.47 0.45 0.56 1.07 3.00 1.25 0.31 0.56 0.58 0.62 0.33
P -0.074 2.171 245.0 0.27 0.23 0.24 0.37 0.46 0.46 0.45 0.58 0.94 3.00 1.29 0.32 0.58 0.55 0.63 0.30
P -0.087 2.147 240.0 0.26 0.23 0.20 0.38 0.48 0.43 0.47 0.61 0.94 3.00 0.28 0.34 0.60 0.50 0.60 0.27
P -0.097 2.127 240.4 0.24 0.19 0.20 0.34 0.50 0.41 0.48 0.62 0.96 3.00 0.31 0.37 0.61 0.47 0.58 0.27
P -0.110 2.104 241.9 0.20 0.17 0.19 0.19 0.37 0.41 0.49 0.63 0.98 3.00 0.34 0.38 0.60 0.48 0.58 0.22
P -0.142 2.109 161.8 0.52 0.49 0.42 0.18 0.17 0.16 0.19 0.37 0.53 0.55 0.62 0.77 3.00 0.30 0.34 0.54
P -0.179 2.121 164.5 0.47 0.41 0.45 0.17 0.18 0.21 0.21 0.24 0.58 0.60 0.69 0.89 3.00 0.29 0.31 0.52
P -0.210 2.133 160.5 0.46 0.35 0.46 0.31 0.16 0.19 0.24 0.26 0.60 0.63 0.69 0.88 3.00 0.28 0.29 0.45
P -0.232 2.143 156.3 0.43 0.33 0.43 0.35 0.19 0.19 0.23 0.27 0.56 0.63 0.69 0.81 3.00 0.29 0.24 0.43
P -0.255 2.155 150.0 0.42 0.30 0.34 0.37 0.25 0.18 0.24 0.29 0.54 0.62 0.68 0.79 2.99 0.29 0.26 0.38
P -0.278 2.168 150.2 0.39 0.32 0.29 0.37 0.31 0.19 0.23 0.29 0.57 0.64 0.71 0.82 0.26 0.26 0.22 0.36
P -0.298 2.179 149.5 0.35 0.28 0.27 0.39 0.33 0.21 0.22 0.33 0.58 0.68 0.74 0.87 0.26 0.22 0.20 0.34
P -0.319 2.190 152.5 0.33 0.27 0.24 0.39 0.35 0.25 0.22 0.35 0.63 0.69 0.78 0.94 0.29 0.21 0.20 0.32
P -0.342 2.203 146.4 0.30 0.26 0.22 0.35 0.34 0.30 0.23 0.36 0.64 0.73 0.81 0.97 0.26 0.16 0.22 0.30
P -0.364 2.215 149.4 0.27 0.21 0.21 0.28 0.34 0.31 0.26 0.38 0.66 0.76 0.82 0.30 0.22 0.15 0.20 0.26
P -0.386 2.227 150.8 0.24 0.22 0.17 0.21 0.36 0.33 0.26 0.44 0.71 0.84 0.88 0.28 0.17 0.15 0.20 0.26
P -0.388 2.234 335.8 0.83 0.82 0.87 0.25 0.15 0.17 0.22 0.26 0.23 0.21 0.16 0.21 0.37 0.34 0.30 0.45
P -0.350 2.216 333.7 0.68 0.79 0.85 0.26 0.20 0.14 0.18 0.29 0.30 0.25 0.20 0.36 0.35 0.30 0.25 0.41
P -0.320 2.200 330.9 0.61 0.74 0.78 0.96 0.25 0.18 0.20 0.31 0.32 0.26 0.25 0.40 0.34 0.27 0.25 0.37
P -0.298 2.187 326.9 0.59 0.67 0.74 0.85 0.27 0.21 0.20 0.32 0.36 0.30 0.26 0.42 0.34 0.23 0.24 0.35
P -0.276 2.175 333.6 0.56 0.62 0.70 0.78 0.26 0.25 0.21 0.33 0.39 0.32 0.29 0.38 0.33 0.20 0.24 0.34
P -0.253 2.162 331.1 0.53 0.62 0.68 0.76 3.00 0.26 0.25 0.35 0.41 0.34 0.35 0.40 0.27 0.20 0.26 0.29
P -0.232 2.150 329.4 0.51 0.58 0.65 0.75 1.27 0.27 0.25 0.35 0.45 0.36 0.38 0.38 0.20 0.19 0.24 0.28
P -0.211 2.137 329.3 0.47 0.53 0.60 0.72 1.23 0.27 0.30 0.32 0.48 0.37 0.44 0.39 0.18 0.18 0.24 0.24
P -0.190 2.127 333.1 0.47 0.49 0.58 0.73 1.22 0.28 0.30 0.31 0.49 0.37 0.45 0.39 0.17 0.18 0.22 0.23
P -0.167 2.114 332.6 0.42 0.50 0.57 0.70 1.05 2.98 0.31 0.33 0.54 0.41 0.49 0.35 0.17 0.16 0.20 0.21
P -0.146 2.100 327.0 0.39 0.47 0.56 0.69 1.00 3.00 0.34 0.36 0.57 0.42 0.50 0.20 0.15 0.18 0.19 0.20
P -0.117 2.087 344.7 0.49 0.54 0.57 0.71 2.98 1.34 0.38 0.56 0.53 0.53 0.23 0.18 0.16 0.15 0.14 0.35
P -0.092 2.080 341.7 0.45 0.46 0.51 0.69 3.00 1.36 0.41 0.60 0.55 0.56 0.23 0.20 0.15 0.13 0.16 0.32
P -0.070 2.075 349.1 0.41 0.46 0.51 0.68 2.99 1.39 0.40 0.62 0.55 0.61 0.20 0.17 0.14 0.11 0.12 0.31
P -0.045 2.070 349.8 0.39 0.47 0.52 0.68 3.00 1.36 0.47 0.69 0.54 0.59 0.21 0.14 0.11 0.10 0.27 0.29
P -0.021 2.067 354.5 0.31 0.45 0.51 0.84 2.99 1.33 0.49 0.71 0.56 0.30 0.22 0.13 0.12 0.10 0.24 0.29
P 0.005 2.066 357.4 0.30 0.43 0.52 0.89 3.00 1.42 0.48 0.73 0.64 0.28 0.18 0.11 0.09 0.21 0.22 0.36
P 0.028 2.066 359.2 0.28 0.38 0.53 0.94 3.00 1.46 0.51 0.74 0.68 0.30 0.17 0.10 0.13 0.22 0.20 0.33
P 0.055 2.069 4.6 0.25 0.37 0.50 0.91 3.00 1.46 0.53 0.75 0.74 0.30 0.14 0.12 0.18 0.20 0.20 0.27
P 0.079 2.071 2.5 0.20 0.34 0.42 0.85 3.00 1.48 0.52 0.81 0.77 0.30 0.15 0.13 0.21 0.17 0.20 0.24
P 0.101 2.072 3.1 0.17 0.31 0.32 0.58 3.00 1.49 0.55 0.84 0.77 0.34 0.14 0.17 0.21 0.16 0.22 0.20
P 0.115 2.097 89.4 3.00 1.36 0.44 0.83 0.74 0.40 0.18 0.20 0.24 0.19 0.26 0.20 0.15 0.29 0.30 0.53
P 0.115 2.137 92.2 2.99 1.37 1.72 0.77 0.72 0.46 0.29 0.24 0.27 0.21 0.29 0.17 0.23 0.27 0.31 0.50
P 0.118 2.184 86.4 2.99 0.82 1.62 0.51 0.77 0.78 0.41 0.29 0.33 0.27 0.31 0.18 0.26 0.23 0.31 0.44
P 0.120 2.228 89.6 2.99 0.80 1.58 0.44 0.80 0.86 0.47 0.31 0.37 0.32 0.23 0.24 0.27 0.21 0.35 0.39
P 0.122 2.258 85.2 2.97 0.80 1.53 0.89 0.81 0.85 0.51 0.36 0.41 0.37 0.25 0.30 0.21 0.24 0.32 0.40
P 0.125 2.286 86.2 3.00 0.98 1.36 0.86 0.82 0.81 0.53 0.41 0.45 0.39 0.28 0.31 0.18 0.22 0.31 0.35
P 0.126 2.310 85.7 3.00 0.99 1.33 0.88 0.53 0.79 0.55 0.44 0.49 0.42 0.29 0.28 0.19 0.24 0.31 0.34
P 0.129 2.334 82.8 3.00 3.00 1.28 0.95 0.48 0.77 0.60 0.49 0.51 0.47 0.33 0.23 0.20 0.24 0.28 0.32
P 0.132 2.359 80.3 3.00 3.00 1.25 0.95 0.77 0.78 0.78 0.53 0.54 0.48 0.31 0.19 0.22 0.23 0.26 0.32
P 0.135 2.391 83.1 3.00 3.00 1.21 1.54 0.78 0.81 0.87 0.58 0.56 0.53 0.37 0.21 0.23 0.22 0.23 0.43
P 0.138 2.420 82.0 2.99 3.00 1.17 1.53 0.85 0.83 0.92 0.63 0.59 0.57 0.38 0.22 0.21 0.21 0.21 0.41
P 0.144 2.461 79.8 2.98 3.00 0.55 1.56 0.84 0.39 0.97 0.69 0.63 0.63 0.40 0.24 0.22 0.19 0.19 0.39
P 0.148 2.489 80.8 3.00 3.00 0.56 1.61 0.82 0.63 1.04 0.72 0.66 0.67 0.27 0.24 0.22 0.19 0.17 0.35
P 0.153 2.513 83.7 3.00 2.99 0.53 1.58 0.79 0.66 1.02 0.75 0.68 0.53 0.30 0.25 0.21 0.14 0.17 0.34
P 0.156 2.537 82.9 3.00 2.98 0.52 1.59 0.80 0.68 1.07 0.78 0.75 0.50 0.29 0.24 0.16 0.12 0.16 0.35
P 0.158 2.563 85.3 3.00 3.00 0.50 1.53 0.81 0.70 1.05 0.79 0.78 0.54 0.28 0.19 0.12 0.14 0.25 0.36
P 0.159 2.589 88.7 3.00 3.00 0.46 1.47 0.84 0.66 1.06 0.80 0.74 0.56 0.28 0.15 0.12 0.16 0.27 0.38
P 0.158 2.621 93.5 3.00 2.99 0.43 1.46 0.85 0.69 1.07 0.79 0.76 0.39 0.26 0.12 0.13 0.20 0.25 0.55
P 0.156 2.659 93.8 3.00 2.98 0.42 1.42 0.82 0.70 1.11 0.84 0.80 0.41 0.16 0.11 0.19 0.21 0.27 0.53
P 0.154 2.704 94.6 3.00 3.00 0.38 0.32 0.82 0.77 1.15 0.88 0.87 0.44 0.17 0.16 0.18 0.20 0.26 0.50
P 0.153 2.747 91.5 3.00 3.00 0.53 0.34 0.87 0.89 0.56 0.97 0.92 0.48 0.18 0.19 0.20 0.21 0.22 0.45
P 0.152 2.789 89.7 3.00 3.00 0.51 0.31 0.32 0.89 0.67 1.05 0.98 0.51 0.24 0.21 0.17 0.18 0.20 0.56
P 0.152 2.831 86.2 2.98 3.00 0.47 0.34 0.36 0.92 0.80 1.06 1.04 0.56 0.26 0.20 0.19 0.17 0.32 0.51
P 0.152 2.872 92.9 3.00 3.00 0.54 0.44 0.32 0.86 0.85 1.11 1.14 0.36 0.26 0.21 0.16 0.18 0.29 0.48
P 0.155 2.919 86.0 3.00 2.99 3.00 0.42 0.28 0.36 0.89 1.16 1.17 0.38 0.28 0.19 0.14 0.21 0.27 3.00
P 0.158 2.961 86.5 3.00 2.99 3.00 0.39 0.34 0.33 0.94 1.20 1.22 0.40 0.26 0.17 0.19 0.25 0.24 3.00
P 0.160 3.005 87.1 3.00 2.97 3.00 0.37 0.40 0.33 1.03 1.31 1.29 0.45 0.26 0.17 0.20 0.20 0.19 2.99
P 0.163 3.050 86.0 3.00 3.00 3.00 0.43 0.38 0.33 0.42 0.87 1.32 0.50 0.21 0.20 0.25 0.18 0.21 3.00
P 0.166 3.083 85.8 3.00 3.00 3.00 2.99 0.35 0.37 0.45 0.91 1.35 0.49 0.23 0.24 0.19 0.16 0.24 3.00
P 0.170 3.127 89.6 3.00 3.00 3.00 3.00 0.33 0.42 0.42 0.95 1.40 0.53 0.27 0.23 0.15 0.16 0.24 3.00
P 0.173 3.168 86.5 2.99 3.00 2.98 3.00 0.36 0.43 0.41 0.97 1.47 0.52 0.30 0.17 0.14 0.19 2.99 3.00
P 0.175 3.212 89.6 2.99 2.99 3.00 3.00 0.39 0.39 0.46 1.05 1.51 0.47 0.29 0.16 0.15 0.18 3.00 3.00
